HGT	THETA		MIX	u	v
52	293.2911	12.1450	0.0000	5.4
57	293.3330	12.0066	0.0000	5.8
61	293.4837	11.9451	0.0000	6.2
66	293.7261	12.1043	0.0000	6.6
71	293.7682	11.9629	0.0000	7.0
76	293.8187	11.9703	0.0000	7.4
81	293.8693	11.8299	0.0000	7.8
85	293.9114	11.8360	0.0000	8.3
89	294.0455	11.9165	0.0000	8.7
92	293.9704	11.8446	0.0000	9.1
95	294.0042	11.8496	0.0000	9.6
99	294.1384	11.7810	0.0000	10.0
102	294.1807	11.7871	0.0000	10.4
106	294.1141	11.7172	0.0000	10.8
110	294.1395	11.7209	0.0000	11.2
114	294.2821	11.8018	0.0000	11.6
118	294.4333	11.8844	0.0000	12.0
122	294.4759	11.7401	0.0000	12.3
127	294.4094	11.6706	0.0000	12.7
132	294.5607	11.7524	0.0000	13.0
137	294.6117	11.7597	0.0000	13.4
143	294.5707	11.6938	0.0000	13.7
149	294.5298	11.6282	0.0000	14.0
155	294.5894	11.6367	0.0000	14.3
160	294.6405	11.6440	0.0000	14.6
165	294.6831	11.6501	0.0000	14.9
170	294.7258	11.6562	0.0000	15.2
175	294.6762	11.7381	0.0000	15.5
182	294.6354	11.6722	0.0000	15.7
188	294.6029	11.7547	0.0000	16.0
195	294.5708	11.6899	0.0000	16.3
201	294.6307	11.6985	0.0000	16.5
207	294.6823	11.5595	0.0000	16.8
213	294.7335	11.7132	0.0000	17.0
218	294.6928	11.6473	0.0000	17.3
222	294.6351	11.5793	0.0000	17.5
227	294.6691	11.7290	0.0000	17.7
232	294.7207	11.7364	0.0000	17.9
238	294.7808	11.7451	0.0000	18.1
243	294.7400	11.8231	0.0000	18.3
249	294.6823	11.7540	0.0000	18.5
254	294.7340	11.7615	0.0000	18.7
260	294.6849	11.6939	0.0000	18.8
265	294.7453	11.7025	0.0000	19.0
271	294.6963	11.6353	0.0000	19.1
276	294.7484	11.5007	0.0000	19.3
281	294.8003	11.5080	0.0000	19.4
287	295.0542	11.5196	0.0000	19.5
292	295.2071	11.6009	0.0000	19.6
299	295.0660	11.4620	0.0000	19.8
305	295.0341	11.5410	0.0000	19.9
312	295.1962	11.4803	0.0000	20.0
318	295.2657	11.4901	0.0000	20.1
324	295.3179	11.4974	0.0000	20.2
330	295.2692	11.4314	0.0000	20.2
335	295.3215	11.4387	0.0000	20.3
340	295.3738	11.4460	0.0000	20.4
346	295.4174	11.4521	0.0000	20.5
351	295.4786	11.4607	0.0000	20.6
357	295.5402	11.3259	0.0000	20.7
363	295.5927	11.3332	0.0000	20.7
369	295.6540	11.3417	0.0000	20.8
375	295.6055	11.2765	0.0000	20.9
380	295.6581	11.2837	0.0000	21.0
385	295.7019	11.2898	0.0000	21.0
390	295.7546	11.2971	0.0000	21.1
396	295.7145	11.3755	0.0000	21.2
401	295.6661	11.3101	0.0000	21.3
407	295.7189	11.3174	0.0000	21.3
412	295.6705	11.2523	0.0000	21.4
418	295.7234	11.2595	0.0000	21.5
423	295.7763	11.2668	0.0000	21.5
429	295.7275	11.3419	0.0000	21.6
435	295.7804	11.3493	0.0000	21.6
440	295.7410	11.2851	0.0000	21.7
446	295.7940	11.2924	0.0000	21.8
451	295.7369	11.2261	0.0000	21.8
456	295.7900	11.2334	0.0000	21.9
461	295.8338	11.3782	0.0000	21.9
466	295.7856	11.3126	0.0000	22.0
471	295.8299	11.3187	0.0000	22.1
476	295.8832	11.3261	0.0000	22.1
481	295.8262	11.2595	0.0000	22.2
486	295.8795	11.2668	0.0000	22.2
492	295.8403	11.2029	0.0000	22.3
498	295.9026	11.2115	0.0000	22.4
504	295.8545	11.1467	0.0000	22.5
511	295.9163	11.2912	0.0000	22.5
517	295.8773	11.2271	0.0000	22.6
524	295.8471	11.1646	0.0000	22.7
530	295.9091	11.3077	0.0000	22.8
536	295.8611	11.2423	0.0000	22.8
542	295.9237	11.2509	0.0000	22.9
547	295.8669	11.1845	0.0000	23.0
553	295.9206	11.1918	0.0000	23.0
558	295.9744	11.1991	0.0000	23.1
563	296.0282	11.2065	0.0000	23.1
568	296.0641	11.2114	0.0000	23.2
573	296.0163	11.1464	0.0000	23.2
579	296.0696	11.2865	0.0000	23.3
586	296.0399	11.2235	0.0000	23.3
593	296.0102	11.1609	0.0000	23.3
599	295.9798	11.2291	0.0000	23.3
606	296.0346	11.1058	0.0000	23.4
611	296.0887	11.1132	0.0000	23.4
616	296.1338	11.1193	0.0000	23.4
621	296.0862	11.0547	0.0000	23.4
626	296.1314	11.0608	0.0000	23.4
630	296.0749	10.9953	0.0000	23.4
634	296.1110	11.0001	0.0000	23.4
639	296.1472	11.0050	0.0000	23.5
643	296.0900	11.0685	0.0000	23.5
647	296.1444	11.0758	0.0000	23.5
652	296.0781	11.1369	0.0000	23.5
657	296.1234	11.1431	0.0000	23.6
662	296.0760	11.0782	0.0000	23.6
667	296.1305	11.0855	0.0000	23.6
672	296.0831	11.0209	0.0000	23.7
677	296.1285	11.0270	0.0000	23.7
683	296.0714	11.0875	0.0000	23.8
689	296.1351	11.0961	0.0000	23.9
696	296.0962	11.1580	0.0000	23.9
704	296.0762	11.0966	0.0000	24.0
711	296.0556	11.1594	0.0000	24.0
719	296.1287	11.1693	0.0000	24.1
726	296.0814	11.1041	0.0000	24.2
732	296.0525	11.0416	0.0000	24.2
740	296.1166	11.0502	0.0000	24.3
747	296.0970	10.9892	0.0000	24.3
755	296.1696	11.1212	0.0000	24.4
762	296.1409	11.0586	0.0000	24.4
769	296.1030	10.9950	0.0000	24.4
775	296.1674	11.0037	0.0000	24.5
781	296.1204	10.9391	0.0000	24.5
786	296.0726	10.9945	0.0000	24.5
792	296.1271	11.1215	0.0000	24.5
799	296.0894	11.0574	0.0000	24.6
806	296.1532	11.1851	0.0000	24.6
813	296.1248	11.1219	0.0000	24.6
821	296.2080	11.1332	0.0000	24.6
829	296.1889	11.0715	0.0000	24.6
836	296.1607	11.0089	0.0000	24.6
843	296.1139	10.9441	0.0000	24.6
848	296.1696	10.9515	0.0000	24.6
853	296.1042	10.8845	0.0000	24.7
857	296.1499	11.0066	0.0000	24.7
861	296.1870	11.0115	0.0000	24.7
865	296.1310	10.9454	0.0000	24.8
869	296.1682	10.9504	0.0000	24.8
873	296.1021	10.9979	0.0000	24.9
878	296.1580	11.0054	0.0000	25.0
884	296.2131	11.1276	0.0000	25.1
890	296.1758	11.0632	0.0000	25.2
896	296.2318	11.0707	0.0000	25.3
902	296.1852	11.0054	0.0000	25.4
908	296.2506	11.0141	0.0000	25.5
914	296.1948	10.9478	0.0000	25.6
919	296.2509	10.9553	0.0000	25.7
924	296.3071	10.9628	0.0000	25.9
930	296.2607	10.8980	0.0000	26.0
935	296.3075	10.9042	0.0000	26.2
940	296.2509	10.9502	0.0000	26.4
945	296.3072	10.9577	0.0000	26.5
951	296.2609	10.8929	0.0000	26.7
956	296.3079	10.8991	0.0000	26.9
962	296.2616	10.8346	0.0000	27.1
968	296.3180	10.8420	0.0000	27.3
975	296.2906	10.7803	0.0000	27.5
981	296.3566	10.7889	0.0000	27.8
987	296.4132	10.7963	0.0000	28.0
993	296.4699	10.8037	0.0000	28.2
998	296.4134	10.8480	0.0000	28.4
1003	296.4702	10.8555	0.0000	28.7
1008	296.4241	10.7911	0.0000	28.9
1013	296.4628	10.6870	0.0000	29.2
1018	296.6141	10.6546	0.0000	29.4
1023	296.6710	10.6619	0.0000	29.6
1029	296.7279	10.6693	0.0000	29.9
1034	296.7755	10.6754	0.0000	30.1
1040	296.7390	10.6134	0.0000	30.3
1047	296.7961	10.6207	0.0000	30.5
1053	296.7598	10.5589	0.0000	30.8
1058	296.8160	10.6752	0.0000	31.0
1064	296.7702	10.6118	0.0000	31.2
1069	296.8179	10.6179	0.0000	31.3
1074	296.7626	10.5537	0.0000	31.5
1080	296.8190	10.6688	0.0000	31.7
1086	296.7828	10.6066	0.0000	31.8
1093	296.8498	10.6152	0.0000	31.9
1099	296.8137	10.5533	0.0000	32.0
1105	296.8616	10.5594	0.0000	32.1
1110	296.8054	10.6014	0.0000	32.2
1114	296.8534	10.6075	0.0000	32.2
1118	296.8822	10.6112	0.0000	32.3
1121	296.9110	10.6149	0.0000	32.3
1125	296.8463	10.5493	0.0000	32.3
1129	296.8943	10.5554	0.0000	32.3
1134	296.9521	10.5628	0.0000	32.3
1139	296.9906	10.5677	0.0000	32.3
1144	296.9355	10.5036	0.0000	32.2
1149	296.9933	10.5109	0.0000	32.2
1155	297.0512	10.5183	0.0000	32.1
1161	297.0058	10.4556	0.0000	32.0
1166	297.0638	10.4629	0.0000	32.0
1171	297.1024	10.4678	0.0000	31.9
1177	297.1605	10.4752	0.0000	31.8
1182	297.1249	10.4139	0.0000	31.7
1188	297.1733	10.4200	0.0000	31.7
1193	297.2218	10.4261	0.0000	31.6
1198	297.1669	10.3627	0.0000	31.5
1203	297.2155	10.3688	0.0000	31.5
1208	297.2640	10.3749	0.0000	31.4
1213	297.3224	10.3822	0.0000	31.4
1218	297.2675	10.3190	0.0000	31.4
1222	297.3162	10.3251	0.0000	31.4
1227	297.3552	10.3299	0.0000	31.3
1231	297.3942	10.3348	0.0000	31.3
1235	297.4430	10.3409	0.0000	31.4
1240	297.3784	10.2767	0.0000	31.4
1244	297.4273	10.2828	0.0000	31.4
1249	297.4761	10.2888	0.0000	31.4
1254	297.5152	10.2937	0.0000	31.5
1259	297.5740	10.3010	0.0000	31.5
1264	297.5291	10.2394	0.0000	31.6
1270	297.5879	10.2467	0.0000	31.7
1276	297.6467	10.2540	0.0000	31.7
1282	297.7056	10.2613	0.0000	31.8
1289	297.6707	10.2011	0.0000	31.9
1295	297.7297	10.2084	0.0000	32.0
1300	297.7888	10.2157	0.0000	32.1
1306	297.7342	10.1534	0.0000	32.2
1312	297.7934	10.1606	0.0000	32.3
1318	297.8526	10.1679	0.0000	32.4
1324	297.9217	10.1763	0.0000	32.5
1330	297.8771	10.1154	0.0000	32.6
1336	297.9266	10.1215	0.0000	32.6
1341	297.8821	10.0609	0.0000	32.7
1347	297.9415	10.0681	0.0000	32.8
1352	297.9910	10.0741	0.0000	32.9
1358	298.0406	10.0801	0.0000	33.0
1363	298.0062	10.0209	0.0000	33.1
1369	297.9519	9.9596	0.0000	33.2
1374	297.8975	9.8987	0.0000	33.3
1380	297.9572	9.9058	0.0000	33.4
1385	298.0169	9.9129	0.0000	33.5
1391	297.9726	9.8534	0.0000	33.5
1396	298.0225	9.8593	0.0000	33.6
1401	298.0624	9.8641	0.0000	33.7
1406	298.1222	9.8712	0.0000	33.7
1411	298.1822	9.8783	0.0000	33.8
1417	298.2322	9.8843	0.0000	33.8
1422	298.2822	9.8902	0.0000	33.9
1427	298.2281	9.8296	0.0000	33.9
1433	298.2882	9.8368	0.0000	33.9
1438	298.2442	9.7776	0.0000	33.9
1443	298.1913	9.6205	0.0000	33.9
1447	298.2237	9.4296	0.0000	33.9
1451	298.2651	9.3369	0.0000	33.9
1456	298.3153	9.3425	0.0000	33.8
1460	298.3567	9.2497	0.0000	33.8
1465	298.4094	9.0604	0.0000	33.7
1470	298.5654	9.0292	0.0000	33.7
1476	298.6271	8.9375	0.0000	33.6
1482	298.6865	9.0423	0.0000	33.5
1487	298.7471	9.0489	0.0000	33.5
1492	298.6933	8.9935	0.0000	33.4
1498	298.7439	8.9989	0.0000	33.3
1504	298.8047	9.0055	0.0000	33.2
1510	298.8655	9.0121	0.0000	33.1
1515	298.9264	9.0186	0.0000	33.0
1521	298.9772	9.0241	0.0000	32.9
1526	299.0280	9.0296	0.0000	32.8
1531	298.9743	8.9743	0.0000	32.7
1536	299.0251	8.9797	0.0000	32.6
1541	299.0863	8.9863	0.0000	32.5
1547	299.1385	8.8941	0.0000	32.4
1552	299.1895	8.8995	0.0000	32.4
1558	299.2520	8.8082	0.0000	32.3
1563	299.1985	8.7541	0.0000	32.2
1569	299.2496	8.7595	0.0000	32.1
1574	299.3110	8.7659	0.0000	32.1
1580	299.3711	8.8699	0.0000	32.0
1585	299.3177	8.8154	0.0000	31.9
1590	299.3689	8.8208	0.0000	31.9
1596	299.4203	8.8263	0.0000	31.8
1601	299.4716	8.8317	0.0000	31.7
1606	299.4182	8.7774	0.0000	31.7
1610	299.4696	8.7828	0.0000	31.6
1615	299.5108	8.7872	0.0000	31.5
1619	299.5520	8.7915	0.0000	31.5
1623	299.4986	8.7375	0.0000	31.4
1628	299.5399	8.7418	0.0000	31.3
1632	299.5914	8.7472	0.0000	31.2
1637	299.6327	8.7515	0.0000	31.2
1642	299.6844	8.7569	0.0000	31.1
1646	299.7257	8.7612	0.0000	31.0
1651	299.7775	8.7667	0.0000	30.9
1655	299.8305	8.6757	0.0000	30.9
1660	299.7670	8.6213	0.0000	30.8
1665	299.8188	8.6266	0.0000	30.7
1670	299.8707	8.6320	0.0000	30.6
1675	299.9226	8.6373	0.0000	30.5
1680	299.9745	8.6427	0.0000	30.5
1685	300.0265	8.6481	0.0000	30.4
1691	300.0785	8.6534	0.0000	30.3
1696	300.0255	8.6002	0.0000	30.2
1701	300.0776	8.6056	0.0000	30.2
1706	300.1297	8.6109	0.0000	30.1
1712	300.0872	8.5590	0.0000	30.1
1717	300.1394	8.5643	0.0000	30.0
1722	300.1917	8.5697	0.0000	29.9
1727	300.2426	8.6703	0.0000	29.9
1732	300.2949	8.6757	0.0000	29.8
1737	300.2420	8.6223	0.0000	29.8
1743	300.2944	8.6277	0.0000	29.7
1748	300.3468	8.6331	0.0000	29.7
1754	300.4112	8.5446	0.0000	29.6
1759	300.3689	8.4931	0.0000	29.5
1765	300.4215	8.4984	0.0000	29.5
1770	300.4650	8.4082	0.0000	29.4
1776	300.5281	8.4145	0.0000	29.4
1782	300.6019	8.4219	0.0000	29.3
1789	300.6652	8.4283	0.0000	29.2
1795	300.6231	8.3774	0.0000	29.1
1801	300.6760	8.3827	0.0000	29.1
1806	300.7394	8.3890	0.0000	29.0
1812	300.7923	8.3943	0.0000	28.9
1818	300.7504	8.3436	0.0000	28.8
1824	300.8126	8.4437	0.0000	28.7
1830	300.7707	8.3927	0.0000	28.6
1836	300.8252	8.3047	0.0000	28.5
1842	300.8890	8.3110	0.0000	28.4
1847	300.9421	8.3162	0.0000	28.4
1853	301.0060	8.3226	0.0000	28.3
1859	300.9536	8.2712	0.0000	28.2
1866	301.0282	8.2785	0.0000	28.1
1873	301.1044	8.1928	0.0000	28.0
1880	301.1792	8.2001	0.0000	27.9
1886	301.1377	8.1505	0.0000	27.8
1892	301.1912	8.1557	0.0000	27.7
1898	301.2432	8.2536	0.0000	27.6
1904	301.2125	8.2047	0.0000	27.5
1911	301.2769	8.2110	0.0000	27.4
1917	301.2462	8.1623	0.0000	27.4
1923	301.2999	8.1675	0.0000	27.3
1928	301.2493	8.0258	0.0000	27.2
1934	301.3031	8.0309	0.0000	27.2
1940	301.3678	8.0370	0.0000	27.1
1945	301.4309	8.1346	0.0000	27.1
1951	301.3790	8.0843	0.0000	27.0
1956	301.4329	8.0895	0.0000	27.0
1961	301.3810	8.0393	0.0000	27.0
1967	301.4335	8.1349	0.0000	27.0
1972	301.4876	8.1401	0.0000	27.0
1977	301.4357	8.0897	0.0000	27.0
1983	301.4899	8.0949	0.0000	27.0
1988	301.4380	8.0447	0.0000	27.0
1993	301.4922	8.0498	0.0000	27.0
1999	301.5465	8.0550	0.0000	27.0
2005	301.5055	8.0061	0.0000	27.1
2010	301.5708	8.0123	0.0000	27.1
2016	301.5190	7.9625	0.0000	27.1
2021	301.5626	7.9666	0.0000	27.2
2026	301.5108	7.9171	0.0000	27.2
2030	301.5529	8.0092	0.0000	27.2
2035	301.5012	7.9594	0.0000	27.3
2040	301.5448	7.9635	0.0000	27.3
2045	301.5994	7.9687	0.0000	27.3
2049	301.5354	8.0051	0.0000	27.3
2054	301.5900	8.0103	0.0000	27.4
2059	301.5275	7.9594	0.0000	27.4
2063	301.5712	7.9635	0.0000	27.4
2068	301.5196	7.9139	0.0000	27.4
2073	301.5635	7.9180	0.0000	27.4
2078	301.6183	7.9231	0.0000	27.4
2084	301.5777	7.8748	0.0000	27.3
2090	301.6436	7.8809	0.0000	27.3
2095	301.5921	7.8318	0.0000	27.3
2101	301.6471	7.8369	0.0000	27.2
2106	301.6911	7.8410	0.0000	27.2
2111	301.6412	7.7073	0.0000	27.1
2116	301.6978	7.6276	0.0000	27.0
2122	301.7529	7.6326	0.0000	26.9
2127	301.8081	7.6376	0.0000	26.9
2132	301.7552	7.6742	0.0000	26.8
2136	301.7994	7.6782	0.0000	26.7
2141	301.7481	7.6302	0.0000	26.6
2146	301.7923	7.6342	0.0000	26.5
2151	301.7411	7.5865	0.0000	26.3
2157	301.8075	7.5924	0.0000	26.2
2162	301.8630	7.5974	0.0000	26.1
2167	301.8007	7.5489	0.0000	26.0
2172	301.8562	7.5538	0.0000	25.9
2177	301.9006	7.5578	0.0000	25.7
2182	301.8383	7.5095	0.0000	25.6
2186	301.8939	7.5144	0.0000	25.5
2191	301.8428	7.4674	0.0000	25.4
2196	301.8873	7.4713	0.0000	25.3
2201	301.8347	7.5060	0.0000	25.2
2206	301.8793	7.5100	0.0000	25.1
2211	301.8171	7.4619	0.0000	25.0
2216	301.8729	7.4668	0.0000	24.9
2222	301.9399	7.4727	0.0000	24.9
2227	301.9001	7.4268	0.0000	24.8
2233	301.9448	7.4307	0.0000	24.8
2239	302.0120	7.4366	0.0000	24.7
2244	301.9611	7.3899	0.0000	24.7
2250	302.0171	7.3948	0.0000	24.7
2256	301.9790	7.2694	0.0000	24.7
2262	302.1453	7.1641	0.0000	24.7
2268	302.2127	7.1698	0.0000	24.7
2275	302.1732	7.1257	0.0000	24.7
2281	302.2408	7.1314	0.0000	24.7
2286	302.2971	7.1362	0.0000	24.8
2292	302.2464	7.0913	0.0000	24.8
2297	302.2916	7.0951	0.0000	24.8
2302	302.3481	7.0998	0.0000	24.9
2307	302.4062	7.0247	0.0000	24.9
2311	302.4514	7.0285	0.0000	25.0
2316	302.3895	6.9833	0.0000	25.0
2320	302.4348	6.9870	0.0000	25.1
2325	302.4915	6.9917	0.0000	25.1
2330	302.5369	6.9955	0.0000	25.1
2334	302.5823	6.9992	0.0000	25.2
2340	302.6391	7.0039	0.0000	25.2
2345	302.6975	6.9290	0.0000	25.2
2350	302.7545	6.9336	0.0000	25.2
2356	302.8114	6.9383	0.0000	25.2
2361	302.8684	6.9429	0.0000	25.3
2366	302.8066	6.8983	0.0000	25.3
2371	302.8637	6.9030	0.0000	25.3
2376	302.9094	6.9067	0.0000	25.3
2380	302.8477	6.8622	0.0000	25.3
2385	302.9049	6.8669	0.0000	25.3
2390	302.8431	6.8227	0.0000	25.3
2395	302.9004	6.8273	0.0000	25.3
2400	302.9462	6.8310	0.0000	25.3
2405	302.8960	6.7879	0.0000	25.3
2409	302.9419	6.7916	0.0000	25.3
2414	302.8802	6.7478	0.0000	25.3
2419	302.9377	6.7524	0.0000	25.4
2424	302.9935	6.8346	0.0000	25.4
2430	302.9434	6.7914	0.0000	25.4
2435	302.9911	6.7179	0.0000	25.5
2440	303.0470	6.7997	0.0000	25.5
2445	302.9855	6.7558	0.0000	25.6
2450	303.0431	6.7604	0.0000	25.6
2456	302.9915	6.7940	0.0000	25.7
2461	303.0492	6.7986	0.0000	25.7
2465	302.9877	6.7547	0.0000	25.8
2470	303.0340	6.7584	0.0000	25.8
2475	302.9840	6.7156	0.0000	25.9
2480	303.0287	6.7948	0.0000	25.9
2486	302.9904	6.7526	0.0000	26.0
2493	303.0599	6.7582	0.0000	26.0
2499	303.0217	6.7162	0.0000	26.0
2506	303.0914	6.7217	0.0000	26.0
2513	303.0532	6.6800	0.0000	26.1
2519	303.1113	6.6846	0.0000	26.1
2525	303.0732	6.6431	0.0000	26.1
2531	303.0219	6.6742	0.0000	26.1
2536	303.0802	6.6788	0.0000	26.1
2541	303.1385	6.6834	0.0000	26.1
2546	303.0772	6.6400	0.0000	26.0
2551	303.1356	6.6445	0.0000	26.0
2557	303.0859	6.6023	0.0000	26.0
2562	303.1327	6.6059	0.0000	26.0
2566	303.1795	6.6095	0.0000	26.0
2571	303.2264	6.6132	0.0000	25.9
2575	303.1651	6.5702	0.0000	25.9
2579	303.2120	6.5738	0.0000	25.9
2585	303.1492	6.6028	0.0000	25.8
2590	303.2196	6.6083	0.0000	25.8
2596	303.1819	6.5671	0.0000	25.8
2602	303.2407	6.5716	0.0000	25.7
2608	303.2878	6.5752	0.0000	25.7
2614	303.2384	6.5333	0.0000	25.6
2620	303.3209	6.5396	0.0000	25.6
2626	303.2818	6.5694	0.0000	25.6
2632	303.3290	6.5731	0.0000	25.5
2638	303.2797	6.5311	0.0000	25.5
2644	303.3388	6.5356	0.0000	25.4
2650	303.2998	6.5646	0.0000	25.3
2656	303.3708	6.5701	0.0000	25.3
2663	303.3200	6.5975	0.0000	25.2
2669	303.3912	6.6030	0.0000	25.1
2675	303.3539	6.5617	0.0000	25.1
2682	303.4236	6.6363	0.0000	25.0
2689	303.3864	6.5948	0.0000	24.9
2696	303.3493	6.5534	0.0000	24.8
2702	303.4207	6.5589	0.0000	24.7
2709	303.3821	6.5857	0.0000	24.6
2715	303.3331	6.5434	0.0000	24.6
2721	303.4031	6.6164	0.0000	24.5
2727	303.3542	6.5739	0.0000	24.4
2734	303.4244	6.6466	0.0000	24.3
2740	303.3755	6.6039	0.0000	24.2
2746	303.3266	6.5614	0.0000	24.1
2752	303.3970	6.6333	0.0000	24.0
2758	303.3602	6.5916	0.0000	23.9
2765	303.4322	6.5971	0.0000	23.8
2772	303.4938	6.5358	0.0000	23.8
2778	303.5675	6.4752	0.0000	23.7
2784	303.6414	6.4146	0.0000	23.6
2790	303.5927	6.3733	0.0000	23.5
2796	303.6514	6.4436	0.0000	23.5
2802	303.6028	6.4020	0.0000	23.4
2807	303.6632	6.4066	0.0000	23.4
2812	303.7116	6.4102	0.0000	23.3
2817	303.6630	6.3689	0.0000	23.3
2822	303.7115	6.3725	0.0000	23.2
2827	303.6493	6.3951	0.0000	23.2
2833	303.7083	6.4643	0.0000	23.1
2839	303.6720	6.4235	0.0000	23.1
2845	303.7448	6.4290	0.0000	23.1
2852	303.6980	6.3236	0.0000	23.1
2858	303.7603	6.2641	0.0000	23.0
2865	303.8334	6.2695	0.0000	23.0
2871	303.7988	6.1663	0.0000	23.0
2878	303.8720	6.1716	0.0000	23.0
2883	303.9330	6.1760	0.0000	23.0
2889	303.8726	6.1352	0.0000	23.0
2895	303.9337	6.1396	0.0000	23.0
2900	303.8839	6.1627	0.0000	23.0
2906	303.9451	6.1672	0.0000	23.0
2911	303.8954	6.1897	0.0000	23.0
2917	303.9567	6.1942	0.0000	23.0
2922	303.8963	6.1532	0.0000	23.0
2927	303.9577	6.1576	0.0000	23.1
2932	303.8974	6.1168	0.0000	23.1
2937	303.9481	6.0585	0.0000	23.1
2943	304.0096	6.0628	0.0000	23.2
2948	303.9616	6.0235	0.0000	23.2
2954	304.0232	6.0278	0.0000	23.2
2959	303.9753	5.9887	0.0000	23.3
2965	304.0262	5.9310	0.0000	23.3
2970	304.0879	5.9353	0.0000	23.4
2975	304.0292	5.8351	0.0000	23.4
2981	304.0910	5.8393	0.0000	23.5
2986	304.0432	5.8013	0.0000	23.5
2992	304.1051	5.8055	0.0000	23.6
2997	304.1547	5.8089	0.0000	23.6
3002	304.1085	5.7110	0.0000	23.7
3007	304.1581	5.7143	0.0000	23.8
3013	304.2094	5.6574	0.0000	23.8
3018	304.2699	5.7218	0.0000	23.9
3024	304.3446	5.7268	0.0000	24.0
3030	304.2954	5.7494	0.0000	24.1
3036	304.3577	5.7536	0.0000	24.2
3041	304.4076	5.7569	0.0000	24.2
3046	304.4700	5.7611	0.0000	24.3
3051	304.4100	5.7228	0.0000	24.4
3056	304.4584	5.7857	0.0000	24.5
3061	304.3985	5.7472	0.0000	24.6
3066	304.4610	5.7514	0.0000	24.6
3072	304.4120	5.7728	0.0000	24.7
3078	304.4763	5.7181	0.0000	24.8
3084	304.4289	5.6807	0.0000	24.8
3089	304.4791	5.6841	0.0000	24.9
3094	304.5403	5.7469	0.0000	24.9
3099	304.4805	5.7085	0.0000	25.0
3104	304.5292	5.7701	0.0000	25.0
3109	304.4694	5.7316	0.0000	25.1
3114	304.5197	5.7350	0.0000	25.1
3119	304.5812	5.7971	0.0000	25.1
3124	304.5214	5.7584	0.0000	25.1
3130	304.5971	5.7635	0.0000	25.1
3137	304.5500	5.7258	0.0000	25.1
3143	304.6258	5.7308	0.0000	25.1
3149	304.6891	5.7350	0.0000	25.1
3155	304.6421	5.6975	0.0000	25.1
3160	304.6927	5.7009	0.0000	25.1
3164	304.7434	5.7042	0.0000	25.1
3169	304.7942	5.7076	0.0000	25.0
3174	304.8450	5.7110	0.0000	25.0
3180	304.7981	5.6736	0.0000	24.9
3186	304.8617	5.6778	0.0000	24.9
3192	304.9253	5.6820	0.0000	24.9
3199	304.8913	5.6456	0.0000	24.8
3205	304.9550	5.6498	0.0000	24.7
3211	305.0188	5.6540	0.0000	24.7
3217	304.9722	5.6169	0.0000	24.6
3223	305.0361	5.6211	0.0000	24.6
3229	305.1000	5.6253	0.0000	24.5
3234	305.0534	5.5883	0.0000	24.5
3240	305.1175	5.5925	0.0000	24.4
3246	305.1816	5.5967	0.0000	24.4
3252	305.1351	5.5599	0.0000	24.3
3258	305.0887	5.5234	0.0000	24.3
3264	305.1529	5.5275	0.0000	24.2
3270	305.2172	5.5316	0.0000	24.2
3277	305.2816	5.5358	0.0000	24.2
3285	305.2611	5.5010	0.0000	24.2
3292	305.3514	5.5068	0.0000	24.2
3300	305.3310	5.4722	0.0000	24.2
3307	305.3827	5.4755	0.0000	24.3
3313	305.3495	5.4403	0.0000	24.3
3320	305.3162	5.4052	0.0000	24.4
3327	305.2831	5.3704	0.0000	24.4
3334	305.2499	5.3358	0.0000	24.5
3340	305.3018	5.3390	0.0000	24.6
3345	305.3668	5.3430	0.0000	24.7
3350	305.3078	5.3069	0.0000	24.8
3356	305.3728	5.3110	0.0000	24.9
3362	305.3268	5.2758	0.0000	25.0
3368	305.3920	5.2798	0.0000	25.1
3373	305.4572	5.2839	0.0000	25.3
3378	305.5095	5.2871	0.0000	25.4
3382	305.6599	5.3287	0.0000	25.5
3386	305.6991	5.3311	0.0000	25.6
3391	305.6402	5.2951	0.0000	25.7
3396	305.5813	5.2593	0.0000	25.8
3401	305.4112	5.1852	0.0000	25.9
3408	305.2672	5.1135	0.0000	26.0
3414	305.4440	5.1555	0.0000	26.1
3419	305.5097	5.1594	0.0000	26.2
3423	305.6604	5.2002	0.0000	26.3
3427	305.5885	5.1642	0.0000	26.3
3431	305.6280	5.1665	0.0000	26.4
3434	305.5576	5.0794	0.0000	26.4
3438	305.5986	5.0304	0.0000	26.4
3442	305.5282	4.9445	0.0000	26.4
3447	305.4724	4.8097	0.0000	26.4
3451	305.4136	4.7770	0.0000	26.4
3456	305.3548	4.7445	0.0000	26.4
3460	305.3928	4.7966	0.0000	26.4
3465	305.3325	4.8136	0.0000	26.3
3469	305.2737	4.7808	0.0000	26.3
3474	305.3281	4.7344	0.0000	26.3
3479	305.2678	4.7511	0.0000	26.3
3483	305.3045	4.8513	0.0000	26.2
3487	305.3560	4.9033	0.0000	26.2
3491	305.3957	4.9056	0.0000	26.2
3494	305.4355	4.9078	0.0000	26.2
3498	305.3635	4.8736	0.0000	26.2
3502	305.5151	4.9124	0.0000	26.2
3506	305.5682	4.9154	0.0000	26.2
3510	305.6080	4.9177	0.0000	26.2
3514	305.5361	4.8834	0.0000	26.2
3517	305.4524	4.8000	0.0000	26.3
3521	305.3820	4.7183	0.0000	26.3
3525	305.3116	4.6375	0.0000	26.3
3529	305.3633	4.6882	0.0000	26.4
3533	305.4151	4.7390	0.0000	26.5
3538	305.4699	4.6940	0.0000	26.5
3542	305.3876	4.5654	0.0000	26.6
3546	305.3290	4.5341	0.0000	26.7
3550	305.3676	4.5835	0.0000	26.7
3555	305.4210	4.5863	0.0000	26.8
3561	305.3758	4.5556	0.0000	26.9
3566	305.4427	4.5591	0.0000	27.0
3572	305.4963	4.5619	0.0000	27.1
3577	305.4378	4.5306	0.0000	27.1
3582	305.4914	4.5335	0.0000	27.2
3587	305.5585	4.5370	0.0000	27.3
3592	305.4986	4.5523	0.0000	27.4
3598	305.5523	4.5551	0.0000	27.4
3603	305.6195	4.5587	0.0000	27.5
3608	305.5612	4.5274	0.0000	27.6
3613	305.6150	4.5302	0.0000	27.6
3618	305.6689	4.5330	0.0000	27.7
3623	305.6091	4.5478	0.0000	27.7
3628	305.6766	4.5514	0.0000	27.8
3634	305.7306	4.5542	0.0000	27.8
3639	305.6724	4.5229	0.0000	27.8
3644	305.7250	4.5715	0.0000	27.9
3648	305.7791	4.5743	0.0000	27.9
3653	305.7088	4.4967	0.0000	27.9
3658	305.7766	4.5002	0.0000	27.9
3664	305.8444	4.5038	0.0000	28.0
3671	305.7983	4.5187	0.0000	28.0
3677	305.8663	4.5222	0.0000	28.0
3682	305.9206	4.5251	0.0000	28.0
3687	305.8626	4.4939	0.0000	28.0
3692	305.9170	4.4967	0.0000	28.0
3698	305.8590	4.4657	0.0000	28.0
3703	305.9271	4.4692	0.0000	28.1
3710	305.9953	4.4728	0.0000	28.1
3716	306.0773	4.4770	0.0000	28.1
3723	306.0330	4.4468	0.0000	28.1
3729	306.1014	4.4503	0.0000	28.2
3735	306.0435	4.4196	0.0000	28.2
3741	306.1120	4.4231	0.0000	28.3
3747	306.0679	4.3932	0.0000	28.3
3753	306.1365	4.3967	0.0000	28.4
3760	306.2052	4.4002	0.0000	28.5
3766	306.2878	4.4044	0.0000	28.6
3773	306.2438	4.3747	0.0000	28.7
3779	306.3127	4.3781	0.0000	28.8
3784	306.2550	4.3478	0.0000	28.9
3789	306.3102	4.3506	0.0000	29.0
3793	306.3516	4.3527	0.0000	29.1
3798	306.2939	4.3226	0.0000	29.2
3803	306.2501	4.2933	0.0000	29.3
3809	306.3054	4.2960	0.0000	29.5
3814	306.3608	4.2988	0.0000	29.6
3819	306.3032	4.2690	0.0000	29.7
3824	306.2456	4.2393	0.0000	29.8
3830	306.3164	4.2003	0.0000	29.9
3835	306.1470	4.0977	0.0000	30.1
3841	305.9762	4.0382	0.0000	30.2
3847	306.0443	4.0827	0.0000	30.3
3852	306.1124	4.1273	0.0000	30.4
3858	306.1681	4.1299	0.0000	30.5
3863	306.1120	4.0601	0.0000	30.6
3869	306.0697	3.9917	0.0000	30.6
3874	306.0136	3.9234	0.0000	30.7
3880	306.0680	3.9664	0.0000	30.8
3886	306.1365	4.0101	0.0000	30.8
3891	306.2064	4.0134	0.0000	30.9
3897	306.1503	3.9451	0.0000	30.9
3902	306.0928	3.9175	0.0000	30.9
3908	306.2610	3.9905	0.0000	31.0
3913	306.2190	3.9232	0.0000	31.0
3919	306.1644	3.8163	0.0000	31.0
3925	306.1237	3.7112	0.0000	31.0
3931	306.0845	3.5682	0.0000	31.1
3938	305.9355	3.2847	0.0000	31.1
3945	305.7991	3.0472	0.0000	31.1
3951	305.7516	3.1398	0.0000	31.1
3958	305.9380	3.5106	0.0000	31.1
3965	306.1156	3.7331	0.0000	31.1
3972	306.3114	3.8433	0.0000	31.1
3980	306.2697	3.7783	0.0000	31.1
3987	306.2449	3.6381	0.0000	31.1
3993	306.2073	3.4610	0.0000	31.1
3999	306.0556	3.2609	0.0000	31.1
4004	305.9868	3.1629	0.0000	31.1
4009	306.0449	3.1278	0.0000	31.1
4013	305.9877	3.1057	0.0000	31.2
4018	306.0445	3.1077	0.0000	31.2
4024	306.1001	3.1468	0.0000	31.2
4029	306.0429	3.1246	0.0000	31.2
4035	306.1155	3.0904	0.0000	31.2
4041	306.0752	2.9960	0.0000	31.2
4048	306.1479	2.9619	0.0000	31.2
4053	306.0921	2.9046	0.0000	31.2
4059	306.0505	2.8485	0.0000	31.2
4066	306.1221	2.8508	0.0000	31.2
4073	306.1937	2.8532	0.0000	31.2
4080	306.2811	2.8199	0.0000	31.2
4088	306.2527	2.8008	0.0000	31.2
4095	306.3416	2.7317	0.0000	31.2
4102	306.3173	2.6062	0.0000	31.2
4109	306.2747	2.5881	0.0000	31.2
4116	306.3481	2.5548	0.0000	31.2
4123	306.4216	2.5214	0.0000	31.3
4130	306.3961	2.4338	0.0000	31.3
4137	306.4868	2.3303	0.0000	31.3
4144	306.5645	2.1909	0.0000	31.3
4151	306.6423	2.0513	0.0000	31.3
4158	306.7149	2.0530	0.0000	31.3
4165	306.8034	2.0196	0.0000	31.3
4172	307.0058	2.0375	0.0000	31.4
4179	307.0801	2.0034	0.0000	31.4
4185	307.1557	1.9335	0.0000	31.4
4191	307.2142	1.9348	0.0000	31.4
4197	307.2833	2.0440	0.0000	31.4
4203	307.3497	2.2251	0.0000	31.5
4209	307.2904	2.2806	0.0000	31.5
4215	307.3651	2.2469	0.0000	31.5
4221	307.5376	2.3019	0.0000	31.5
4227	307.3752	2.4100	0.0000	31.5
4232	307.4327	2.4471	0.0000	31.5
4238	307.3950	2.3245	0.0000	31.5
4244	307.5759	2.1667	0.0000	31.5
4251	307.6537	2.0619	0.0000	31.5
4258	307.7302	1.9924	0.0000	31.5
4266	307.9546	1.8668	0.0000	31.5
4274	308.0462	1.7968	0.0000	31.5
4281	308.0182	1.8204	0.0000	31.5
4288	308.0910	1.8577	0.0000	31.4
4294	308.0334	1.8800	0.0000	31.4
4301	308.1064	1.9171	0.0000	31.4
4307	308.0624	1.9743	0.0000	31.3
4314	308.0171	2.0656	0.0000	31.3
4321	307.9799	1.9470	0.0000	31.3
4327	308.0599	1.8095	0.0000	31.2
4333	308.1223	1.7411	0.0000	31.2
4339	308.1998	1.6728	0.0000	31.1
4345	308.1587	1.6612	0.0000	31.1
4351	308.2185	1.6624	0.0000	31.1
4357	308.1762	1.6852	0.0000	31.0
4363	308.2361	1.6864	0.0000	31.0
4369	308.1952	1.6746	0.0000	30.9
4374	308.1393	1.6627	0.0000	30.9
4380	308.1994	1.6638	0.0000	30.9
4385	308.2595	1.6650	0.0000	30.9
4391	308.2187	1.6534	0.0000	30.8
4397	308.1628	1.6416	0.0000	30.8
4402	308.2231	1.6427	0.0000	30.8
4408	308.1824	1.6312	0.0000	30.8
4415	308.2592	1.5993	0.0000	30.8
4422	308.2185	1.5882	0.0000	30.8
4428	308.2954	1.5564	0.0000	30.8
4435	308.2549	1.5456	0.0000	30.8
4441	308.1978	1.5671	0.0000	30.8
4447	308.2723	1.6012	0.0000	30.8
4453	308.2153	1.6221	0.0000	30.8
4459	308.1610	1.5783	0.0000	30.9
4464	308.2383	1.5474	0.0000	30.9
4469	308.2865	1.4837	0.0000	30.9
4475	308.2322	1.4410	0.0000	30.9
4480	308.2931	1.4420	0.0000	31.0
4486	308.3693	1.4433	0.0000	31.0
4492	308.3138	1.4329	0.0000	31.0
4497	308.2595	1.3910	0.0000	31.0
4503	308.3206	1.3920	0.0000	31.1
4508	308.3818	1.3929	0.0000	31.1
4514	308.3263	1.3829	0.0000	31.1
4519	308.3876	1.3839	0.0000	31.2
4525	308.3462	1.4054	0.0000	31.2
4531	308.4075	1.4064	0.0000	31.2
4536	308.3521	1.3962	0.0000	31.3
4542	308.2968	1.3862	0.0000	31.3
4548	308.3736	1.3874	0.0000	31.4
4553	308.3183	1.3774	0.0000	31.4
4559	308.3952	1.3786	0.0000	31.5
4565	308.3400	1.3686	0.0000	31.5
4571	308.2847	1.3587	0.0000	31.6
4578	308.3618	1.3599	0.0000	31.7
4586	308.3363	1.3806	0.0000	31.7
4594	308.3095	1.4307	0.0000	31.8
4601	308.2791	1.5688	0.0000	31.8
4609	308.2297	1.7928	0.0000	31.9
4615	307.9515	1.8667	0.0000	31.9
4622	308.0313	1.8109	0.0000	32.0
4628	308.0945	1.7834	0.0000	32.0
4633	308.1457	2.0438	0.0000	32.1
4639	308.0872	2.4866	0.0000	32.1
4644	308.0051	2.7517	0.0000	32.1
4648	308.0493	2.8099	0.0000	32.1
4653	307.9791	2.7889	0.0000	32.1
4657	308.0257	2.7904	0.0000	32.1
4661	307.9735	2.7141	0.0000	32.1
4666	307.9103	2.5272	0.0000	32.0
4671	307.8638	2.3157	0.0000	31.9
4676	307.9285	2.2622	0.0000	31.8
4682	307.8785	2.1361	0.0000	31.7
4688	307.8295	1.9846	0.0000	31.6
4694	307.9019	2.1224	0.0000	31.5
4700	307.8346	2.4040	0.0000	31.3
4706	307.7900	2.5209	0.0000	31.2
4713	307.7568	2.3697	0.0000	31.0
4720	307.7270	2.1412	0.0000	30.8
4727	307.6903	2.0734	0.0000	30.7
4734	307.6492	2.1106	0.0000	30.5
4740	307.6082	2.1472	0.0000	30.3
4747	307.6733	2.0970	0.0000	30.1
4753	307.7553	2.0211	0.0000	29.8
4759	307.8374	1.9451	0.0000	29.6
4765	308.0214	1.8839	0.0000	29.4
4771	308.0846	1.8853	0.0000	29.2
4776	308.0314	1.8454	0.0000	29.0
4780	307.9645	1.7541	0.0000	28.8
4785	308.1354	1.6392	0.0000	28.7
4791	308.2169	1.5886	0.0000	28.5
4796	308.2803	1.5898	0.0000	28.3
4802	308.3427	1.6170	0.0000	28.2
4808	308.2873	1.6310	0.0000	28.0
4813	308.2319	1.6447	0.0000	27.9
4820	308.1799	1.5816	0.0000	27.8
4826	308.2640	1.4809	0.0000	27.7
4834	308.2484	1.3184	0.0000	27.6
4842	308.2294	1.2336	0.0000	27.6
4850	308.1912	1.2247	0.0000	27.5
4858	308.2872	1.2260	0.0000	27.5
4866	308.3844	1.2023	0.0000	27.5
4874	308.4795	1.2287	0.0000	27.4
4882	308.5737	1.2803	0.0000	27.4
4891	308.6668	1.3571	0.0000	27.4
4900	308.6440	1.3725	0.0000	27.4
4908	308.6374	1.3879	0.0000	27.4
4917	308.4975	1.3669	0.0000	27.4
4926	308.4921	1.3575	0.0000	27.4
4935	308.4707	1.3479	0.0000	27.4
4944	308.4482	1.3623	0.0000	27.4
4952	308.5433	1.4116	0.0000	27.4
4960	308.6407	1.4132	0.0000	27.4
4968	308.6022	1.4267	0.0000	27.4
4975	308.5649	1.4164	0.0000	27.3
4983	308.6463	1.4177	0.0000	27.3
4991	308.6254	1.4077	0.0000	27.3
4998	308.6035	1.4210	0.0000	27.2
5006	308.5664	1.4106	0.0000	27.1
5013	308.6491	1.3888	0.0000	27.1
5019	308.6132	1.3557	0.0000	27.0
5026	308.5608	1.3228	0.0000	26.9
5031	308.5085	1.2903	0.0000	26.8
5036	308.5741	1.2912	0.0000	26.7
5042	308.6377	1.3375	0.0000	26.6
5047	308.6848	1.3837	0.0000	26.5
5052	308.6306	1.3958	0.0000	26.4
5058	308.5784	1.3630	0.0000	26.4
5063	308.6442	1.3640	0.0000	26.3
5068	308.5735	1.3758	0.0000	26.2
5074	308.6384	1.3990	0.0000	26.2
5079	308.7023	1.4445	0.0000	26.1
5084	308.7673	1.4678	0.0000	26.1
5089	308.8148	1.5131	0.0000	26.1
5094	308.8633	1.5363	0.0000	26.1
5098	308.8093	1.5468	0.0000	26.1
5103	308.8600	1.5256	0.0000	26.1
5108	308.7906	1.5139	0.0000	26.1
5113	308.8579	1.4931	0.0000	26.1
5118	308.8050	1.4818	0.0000	26.2
5123	308.7365	1.4488	0.0000	26.2
5126	308.7864	1.4496	0.0000	26.3
5129	308.8019	1.4715	0.0000	26.3
5132	308.8331	1.5154	0.0000	26.4
5136	308.6424	1.5339	0.0000	26.5
5140	308.5740	1.5009	0.0000	26.5
5144	308.6269	1.4383	0.0000	26.6
5149	308.5584	1.4062	0.0000	26.7
5154	308.5066	1.3747	0.0000	26.7
5159	308.5556	1.3963	0.0000	26.8
5164	308.4842	1.4269	0.0000	26.8
5168	308.5489	1.4694	0.0000	26.8
5173	308.8370	1.5160	0.0000	26.9
5177	309.6007	1.6609	0.0000	26.9
5181	310.3631	1.8395	0.0000	26.9
5185	310.9923	1.9418	0.0000	26.9
5189	311.3985	2.0411	0.0000	26.9
5193	311.8059	2.1186	0.0000	27.0
5197	312.0953	2.1547	0.0000	27.0
5201	312.2654	2.1736	0.0000	27.0
5204	312.2836	2.1478	0.0000	27.0
5206	312.1981	2.1312	0.0000	27.0
5209	312.2308	2.1580	0.0000	27.0
5212	312.2647	2.1588	0.0000	27.1
5215	312.2974	2.1857	0.0000	27.1
5219	312.2290	2.1692	0.0000	27.1
5223	312.3993	2.1882	0.0000	27.2
5226	312.4334	2.1890	0.0000	27.2
5230	312.4844	2.1903	0.0000	27.3
5234	312.5184	2.1911	0.0000	27.4
5239	312.7048	2.2371	0.0000	27.4
5242	312.7389	2.2380	0.0000	27.5
5246	312.7743	2.2125	0.0000	27.6
5250	312.8255	2.2138	0.0000	27.7
5254	312.8768	2.2150	0.0000	27.8
5259	312.9281	2.2163	0.0000	28.0
5264	312.9966	2.2180	0.0000	28.1
5268	312.9284	2.2013	0.0000	28.2
5273	312.9626	2.2021	0.0000	28.4
5277	313.0141	2.2034	0.0000	28.5
5281	313.0827	2.2051	0.0000	28.7
5286	313.1342	2.2064	0.0000	28.8
5290	313.0661	2.1897	0.0000	29.0
5294	313.1005	2.1906	0.0000	29.1
5298	313.1508	2.2179	0.0000	29.3
5302	313.0827	2.2012	0.0000	29.4
5305	313.1172	2.2020	0.0000	29.5
5309	313.1688	2.2033	0.0000	29.7
5313	313.0835	2.1862	0.0000	29.8
5317	313.1353	2.1875	0.0000	29.9
5322	313.1870	2.1887	0.0000	30.1
5326	313.2388	2.1900	0.0000	30.2
5331	313.1881	2.1739	0.0000	30.3
5336	313.2400	2.1751	0.0000	30.4
5340	313.2759	2.1504	0.0000	30.4
5344	313.3278	2.1516	0.0000	30.5
5348	313.3798	2.1529	0.0000	30.6
5352	313.4306	2.1798	0.0000	30.6
5356	313.4653	2.1806	0.0000	30.6
5360	313.3974	2.1641	0.0000	30.7
5364	313.4495	2.1654	0.0000	30.7
5367	313.4842	2.1662	0.0000	30.7
5371	313.4163	2.1498	0.0000	30.7
5375	313.4511	2.1507	0.0000	30.6
5379	313.5034	2.1519	0.0000	30.6
5383	313.5556	2.1532	0.0000	30.6
5387	313.4878	2.1368	0.0000	30.6
5391	313.5227	2.1377	0.0000	30.5
5395	313.5750	2.1389	0.0000	30.5
5399	313.6099	2.1398	0.0000	30.5
5403	313.6623	2.1410	0.0000	30.5
5406	313.6960	2.1671	0.0000	30.5
5410	313.7485	2.1683	0.0000	30.5
5415	313.6808	2.1519	0.0000	30.5
5419	313.7333	2.1532	0.0000	30.6
5423	313.7683	2.1540	0.0000	30.6
5427	313.7006	2.1376	0.0000	30.7
5431	313.7533	2.1389	0.0000	30.8
5436	313.6868	2.0979	0.0000	30.9
5440	313.7395	2.0992	0.0000	31.0
5444	313.7922	2.1004	0.0000	31.2
5449	313.8463	2.0769	0.0000	31.3
5453	313.8991	2.0782	0.0000	31.5
5458	313.8314	2.0624	0.0000	31.6
5463	313.8843	2.0636	0.0000	31.8
5467	313.9372	2.0648	0.0000	32.0
5472	313.8696	2.0491	0.0000	32.2
5476	313.9226	2.0503	0.0000	32.3
5480	313.9756	2.0515	0.0000	32.5
5484	313.9081	2.0359	0.0000	32.7
5570	314.6000	2.0100	0.0000	34.0
5829	315.6000	1.8200	0.0000	36.0
6891	319.6000	1.1600	0.0000	38.6
7230	320.7000	0.9600	0.0000	39.1
8553	323.9000	0.3700	0.0000	47.8
9240	325.4000	0.2100	0.0000	42.2
9844	326.6000	0.1400	0.0000	42.7
10440	327.3000	0.0700	0.0000	43.2
10729	327.3000	0.0600	0.0000	41.7
10972	327.3000	0.0400	0.0000	40.1
11193	327.9000	0.0300	0.0000	39.1
11511	328.9000	0.0200	0.0000	41.2
11840	330.8000	0.0200	0.0000	43.7
12412	335.6000	0.0100	0.0000	46.8
12446	336.6000	0.0100	0.0000	47.3
12685	344.2000	0.0100	0.0000	41.2
12902	359.0000	0.0000	0.0000	35.0
12940	364.6000	0.0100	0.0000	33.4
13136	372.2000	0.0100	0.0000	28.3
13419	374.0000	0.0100	0.0000	20.1
13630	375.3000	0.0100	0.0000	17.0
13930	376.4000	0.0100	0.0000	10.3
14199	377.4000	0.0000	0.0000	6.2
14245	377.6000	0.0000	0.0000	6.2
14625	379.0000	0.0000	0.0000	11.8
14675	379.1000	0.0000	0.0000	13.4
14872	383.6000	0.0000	0.0000	19.0
15182	390.6000	0.0000	0.0000	24.2
15342	394.4000	0.0000	0.0000	25.7
15802	410.2000	0.0000	0.0000	30.9
16170	423.3000	0.0000	0.0000	22.6
16569	434.2000	0.0000	0.0000	15.9
16596	434.9000	0.0000	0.0000	15.9
16991	438.4000	0.0000	0.0000	13.4
17514	442.9000	0.0000	0.0000	14.9
17553	447.3000	0.0000	0.0000	14.9
17601	448.1000	0.0000	0.0000	14.9
17927	453.7000	0.0000	0.0000	14.4
18271	459.6000	0.0000	0.0000	12.3
18450	462.7000	0.0000	0.0000	12.9
18541	464.8000	0.0000	0.0000	13.4
18662	467.6000	0.0000	0.0000	15.4
19317	473.0000	0.0000	0.0000	26.2
19431	474.0000	0.0000	0.0000	24.2
20079	491.4000	0.0000	0.0000	13.4
20436	501.2000	0.0000	0.0000	14.9
20560	504.7000	0.0000	0.0000	12.3
20778	511.6000	0.0000	0.0000	13.4
20949	515.0000	0.0000	0.0000	14.4
21084	517.7000	0.0000	0.0000	12.9
21807	532.4000	0.0000	0.0000	11.3
22121	539.0000	0.0000	0.0000	7.2
22284	542.4000	0.0000	0.0000	6.2
22571	548.4000	0.0000	0.0000	10.3
22623	550.1000	0.0000	0.0000	10.8
22983	561.9000	0.0000	0.0000	10.8
23171	568.1000	0.0000	0.0000	8.2
23564	581.3000	0.0000	0.0000	0.5
23770	588.4000	0.0000	0.0000	5.7
23985	595.7000	0.0000	0.0000	10.3
24207	603.3000	0.0000	0.0000	12.9
24438	611.3000	0.0000	0.0000	8.2
24533	614.6000	0.0000	0.0000	8.2
24676	617.0000	0.0000	0.0000	7.7
24924	621.1000	0.0000	0.0000	8.2
25450	630.0000	0.0000	0.0000	6.2
				
				
				
				
				
				
				
				
				
