Height	Theta	w	u	v	RH	theta_e	P	T
82.8	294.869	11.894	4.143	7.176	74.974	328.169	989.6	293.989
86.933	294.879	11.872	4.35	7.534	74.934	328.116	989.133	293.96
91.0	294.889	11.863	4.557	7.892	74.99	328.107	988.66	293.929
95.067	294.899	11.85	4.76	8.245	75.009	328.081	988.193	293.899
99.133	294.909	11.821	4.963	8.597	74.929	328.01	987.733	293.87
103.2	294.918	11.807	5.163	8.943	74.945	327.983	987.267	293.84
107.267	294.928	11.793	5.363	9.29	74.962	327.956	986.8	293.81
111.4	294.938	11.784	5.56	9.63	75.011	327.944	986.327	293.78
115.667	294.948	11.77	5.75	9.959	75.033	327.918	985.84	293.748
120.067	294.959	11.751	5.937	10.283	75.03	327.879	985.333	293.716
124.6	294.97	11.738	6.12	10.6	75.064	327.855	984.807	293.682
129.267	294.981	11.725	6.297	10.906	75.101	327.832	984.273	293.647
134.0	294.992	11.716	6.47	11.206	75.17	327.825	983.733	293.613
138.867	295.004	11.713	6.64	11.501	75.273	327.832	983.187	293.578
143.933	295.016	11.71	6.803	11.784	75.382	327.841	982.62	293.541
149.133	295.029	11.712	6.963	12.061	75.535	327.866	982.02	293.503
154.533	295.042	11.705	7.12	12.332	75.63	327.863	981.4	293.463
160.067	295.055	11.692	7.27	12.592	75.693	327.846	980.773	293.422
165.733	295.069	11.68	7.42	12.852	75.76	327.831	980.14	293.382
171.467	295.083	11.683	7.563	13.1	75.927	327.859	979.493	293.34
177.2	295.096	11.676	7.707	13.348	76.033	327.859	978.84	293.298
182.867	295.11	11.664	7.843	13.585	76.105	327.843	978.193	293.256
222.929	295.206	11.64	7.942	13.756	76.982	327.913	973.74	292.969
228.157	295.219	11.627	8.057	13.955	77.038	327.894	973.151	292.931
233.386	295.232	11.617	8.169	14.15	77.107	327.881	972.561	292.893
238.643	295.244	11.608	8.279	14.34	77.19	327.874	971.971	292.855
243.914	295.257	11.597	8.386	14.526	77.258	327.861	971.38	292.816
249.186	295.27	11.588	8.491	14.708	77.335	327.851	970.786	292.778
254.471	295.282	11.578	8.594	14.886	77.412	327.841	970.191	292.739
259.757	295.295	11.569	8.694	15.059	77.496	327.834	969.599	292.701
265.057	295.308	11.561	8.791	15.227	77.581	327.827	969.004	292.662
270.371	295.321	11.553	8.886	15.391	77.672	327.823	968.409	292.623
275.714	295.334	11.545	8.978	15.55	77.765	327.819	967.809	292.584
281.086	295.346	11.538	9.067	15.705	77.858	327.816	967.207	292.545
286.471	295.359	11.531	9.154	15.854	77.96	327.815	966.603	292.505
291.886	295.373	11.524	9.238	16.0	78.055	327.812	965.999	292.466
297.314	295.386	11.517	9.319	16.141	78.159	327.812	965.391	292.426
302.771	295.399	11.51	9.399	16.279	78.257	327.81	964.779	292.386
308.257	295.412	11.502	9.476	16.412	78.35	327.804	964.163	292.346
313.771	295.425	11.491	9.551	16.542	78.428	327.792	963.547	292.306
319.329	295.439	11.485	9.624	16.669	78.535	327.793	962.929	292.265
324.9	295.452	11.478	9.694	16.791	78.645	327.794	962.306	292.225
330.5	295.466	11.47	9.764	16.911	78.741	327.788	961.68	292.184
336.114	295.479	11.463	9.831	17.027	78.851	327.789	961.053	292.143
341.729	295.493	11.457	9.896	17.14	78.961	327.79	960.427	292.102
347.343	295.506	11.452	9.959	17.25	79.078	327.793	959.801	292.061
352.943	295.52	11.445	10.021	17.358	79.187	327.794	959.179	292.02
358.557	295.533	11.439	10.081	17.462	79.297	327.795	958.556	291.979
364.171	295.547	11.432	10.14	17.563	79.408	327.795	957.931	291.938
369.786	295.56	11.426	10.196	17.661	79.519	327.796	957.306	291.897
375.4	295.574	11.418	10.251	17.756	79.622	327.793	956.683	291.856
380.986	295.587	11.411	10.305	17.849	79.726	327.791	956.061	291.815
386.571	295.601	11.404	10.357	17.939	79.834	327.791	955.443	291.774
392.157	295.614	11.397	10.407	18.026	79.943	327.79	954.824	291.733
397.757	295.628	11.39	10.456	18.11	80.045	327.787	954.204	291.693
403.357	295.641	11.385	10.502	18.19	80.17	327.793	953.581	291.651
408.971	295.655	11.376	10.548	18.269	80.266	327.787	952.959	291.61
414.586	295.668	11.369	10.591	18.345	80.37	327.784	952.337	291.569
420.214	295.682	11.362	10.634	18.418	80.482	327.784	951.716	291.528
425.843	295.695	11.353	10.674	18.488	80.573	327.775	951.091	291.487
431.471	295.709	11.343	10.714	18.556	80.663	327.767	950.469	291.446
437.071	295.722	11.332	10.751	18.622	80.746	327.754	949.849	291.405
442.657	295.736	11.32	10.788	18.685	80.82	327.739	949.233	291.364
448.229	295.749	11.31	10.824	18.747	80.901	327.727	948.619	291.323
453.786	295.763	11.3	10.858	18.806	80.988	327.717	948.006	291.283
459.314	295.776	11.291	10.891	18.865	81.083	327.71	947.393	291.242
464.843	295.789	11.283	10.924	18.92	81.182	327.706	946.784	291.202
470.357	295.803	11.276	10.956	18.976	81.289	327.704	946.177	291.161
475.871	295.816	11.27	10.986	19.029	81.403	327.705	945.57	291.121
481.386	295.829	11.264	11.016	19.081	81.517	327.707	944.963	291.081
486.886	295.843	11.257	11.046	19.133	81.625	327.705	944.356	291.04
492.386	295.856	11.248	11.076	19.184	81.723	327.7	943.75	291.0
497.871	295.869	11.243	11.104	19.233	81.842	327.703	943.147	290.96
503.357	295.882	11.237	11.133	19.283	81.954	327.704	942.546	290.92
508.843	295.896	11.232	11.161	19.331	82.079	327.709	941.944	290.88
514.357	295.909	11.227	11.189	19.379	82.196	327.712	941.341	290.84
519.886	295.922	11.222	11.216	19.426	82.322	327.717	940.734	290.799
525.443	295.936	11.218	11.244	19.474	82.456	327.725	940.124	290.758
531.029	295.949	11.213	11.271	19.523	82.583	327.731	939.514	290.718
536.629	295.963	11.207	11.299	19.57	82.703	327.733	938.901	290.677
542.257	295.976	11.202	11.326	19.617	82.825	327.736	938.286	290.635
547.914	295.99	11.195	11.352	19.662	82.941	327.735	937.667	290.594
553.6	296.004	11.192	11.379	19.708	83.085	327.747	937.047	290.553
559.3	296.017	11.188	11.405	19.754	83.224	327.755	936.424	290.511
565.014	296.031	11.183	11.431	19.799	83.355	327.76	935.801	290.469
570.729	296.045	11.179	11.456	19.843	83.495	327.769	935.177	290.427
576.457	296.059	11.174	11.481	19.886	83.627	327.774	934.553	290.385
582.186	296.073	11.17	11.506	19.93	83.765	327.782	933.927	290.343
587.929	296.086	11.168	11.531	19.972	83.917	327.794	933.301	290.301
593.686	296.1	11.163	11.555	20.014	84.054	327.801	932.676	290.259
599.471	296.114	11.161	11.579	20.055	84.212	327.816	932.049	290.217
605.271	296.128	11.158	11.602	20.096	84.364	327.828	931.419	290.175
611.114	296.142	11.157	11.625	20.135	84.525	327.843	930.784	290.132
616.986	296.157	11.154	11.647	20.173	84.681	327.856	930.146	290.089
622.886	296.171	11.15	11.669	20.212	84.831	327.866	929.504	290.046
628.8	296.185	11.145	11.691	20.249	84.966	327.87	928.863	290.003
634.7	296.199	11.139	11.712	20.286	85.101	327.873	928.221	289.959
640.6	296.214	11.133	11.734	20.323	85.235	327.877	927.584	289.916
646.471	296.228	11.129	11.754	20.359	85.382	327.885	926.949	289.874
652.329	296.242	11.126	11.775	20.395	85.536	327.897	926.314	289.831
658.171	296.256	11.122	11.796	20.431	85.682	327.905	925.681	289.788
664.0	296.27	11.116	11.816	20.467	85.814	327.907	925.05	289.745
669.814	296.284	11.111	11.837	20.503	85.957	327.914	924.421	289.703
675.629	296.298	11.107	11.858	20.538	86.101	327.921	923.791	289.66
681.457	296.312	11.104	11.879	20.576	86.258	327.933	923.161	289.617
687.3	296.326	11.101	11.901	20.613	86.417	327.945	922.529	289.574
693.157	296.341	11.099	11.923	20.651	86.576	327.958	921.896	289.531
699.014	296.355	11.096	11.945	20.689	86.735	327.97	921.264	289.488
704.871	296.369	11.093	11.967	20.728	86.895	327.982	920.633	289.445
710.729	296.383	11.09	11.989	20.766	87.054	327.994	920.003	289.403
716.557	296.397	11.085	12.012	20.806	87.198	328.0	919.374	289.36
722.371	296.411	11.081	12.036	20.846	87.35	328.009	918.747	289.317
728.171	296.425	11.078	12.059	20.887	87.502	328.018	918.123	289.275
733.957	296.439	11.072	12.084	20.929	87.637	328.021	917.501	289.232
739.729	296.453	11.068	12.109	20.974	87.785	328.029	916.881	289.19
745.486	296.467	11.064	12.135	21.018	87.933	328.037	916.263	289.148
751.257	296.481	11.059	12.161	21.064	88.082	328.045	915.643	289.105
757.014	296.495	11.055	12.189	21.112	88.231	328.052	915.024	289.063
762.786	296.509	11.05	12.218	21.162	88.372	328.057	914.406	289.021
768.571	296.523	11.045	12.248	21.214	88.513	328.062	913.787	288.979
774.386	296.537	11.039	12.279	21.267	88.649	328.064	913.163	288.936
780.214	296.551	11.034	12.311	21.324	88.794	328.069	912.537	288.893
786.043	296.565	11.027	12.345	21.382	88.925	328.068	911.911	288.85
791.857	296.579	11.021	12.38	21.443	89.063	328.071	911.289	288.807
797.643	296.593	11.016	12.416	21.506	89.212	328.078	910.67	288.765
803.414	296.607	11.011	12.455	21.573	89.354	328.082	910.054	288.723
809.157	296.621	11.006	12.494	21.641	89.503	328.089	909.439	288.68
814.9	296.635	11.0	12.536	21.712	89.638	328.09	908.826	288.638
820.643	296.649	10.993	12.579	21.787	89.77	328.091	908.213	288.596
826.386	296.663	10.988	12.623	21.863	89.91	328.094	907.6	288.554
832.143	296.677	10.982	12.669	21.944	90.051	328.097	906.986	288.512
837.914	296.691	10.978	12.717	22.027	90.201	328.104	906.371	288.469
843.714	296.705	10.972	12.766	22.112	90.345	328.108	905.753	288.427
849.543	296.719	10.967	12.816	22.199	90.49	328.112	905.131	288.384
855.4	296.733	10.959	12.869	22.289	90.622	328.11	904.507	288.341
861.271	296.747	10.954	12.922	22.382	90.767	328.114	903.883	288.298
867.157	296.761	10.946	12.977	22.477	90.899	328.112	903.256	288.254
873.043	296.776	10.939	13.032	22.572	91.031	328.11	902.629	288.211
878.929	296.79	10.931	13.089	22.67	91.163	328.108	902.003	288.168
884.829	296.804	10.925	13.146	22.77	91.308	328.111	901.377	288.124
890.743	296.819	10.919	13.204	22.87	91.454	328.114	900.75	288.081
896.686	296.833	10.913	13.263	22.972	91.602	328.117	900.12	288.037
902.629	296.847	10.906	13.321	23.073	91.737	328.115	899.487	287.993
908.571	296.862	10.898	13.38	23.175	91.871	328.113	898.857	287.949
914.486	296.876	10.89	13.439	23.278	92.001	328.11	898.23	287.906
920.343	296.89	10.883	13.498	23.379	92.139	328.109	897.609	287.863
926.157	296.904	10.875	13.557	23.482	92.266	328.106	896.996	287.82
931.9	296.918	10.867	13.616	23.583	92.391	328.102	896.39	287.778
937.6	296.932	10.86	13.674	23.683	92.516	328.098	895.787	287.736
943.271	296.946	10.853	13.731	23.784	92.647	328.097	895.189	287.694
948.9	296.959	10.846	13.789	23.883	92.779	328.096	894.591	287.653
954.5	296.973	10.84	13.846	23.981	92.917	328.098	894.001	287.612
960.057	296.986	10.831	13.901	24.078	93.029	328.091	893.416	287.571
965.586	297.0	10.823	13.957	24.174	93.149	328.086	892.833	287.53
971.1	297.013	10.816	14.012	24.27	93.278	328.085	892.251	287.49
976.614	297.026	10.808	14.066	24.363	93.398	328.081	891.671	287.449
982.114	297.04	10.802	14.119	24.455	93.528	328.08	891.091	287.408
987.614	297.053	10.794	14.172	24.547	93.65	328.076	890.514	287.368
993.114	297.066	10.785	14.224	24.637	93.757	328.068	889.937	287.328
998.586	297.08	10.776	14.275	24.725	93.866	328.059	889.36	287.287
1004.043	297.093	10.765	14.326	24.813	93.958	328.045	888.786	287.247
1009.471	297.106	10.755	14.376	24.899	94.058	328.034	888.216	287.207
1014.857	297.119	10.744	14.425	24.985	94.147	328.02	887.651	287.168
1020.2	297.132	10.734	14.474	25.07	94.242	328.008	887.093	287.128
1025.514	297.145	10.725	14.523	25.154	94.345	328.0	886.539	287.09
1030.8	297.158	10.717	14.571	25.238	94.457	327.994	885.984	287.051
1036.086	297.171	10.708	14.62	25.323	94.56	327.985	885.431	287.012
1041.357	297.183	10.7	14.668	25.405	94.673	327.979	884.877	286.973
1046.643	297.196	10.69	14.715	25.487	94.771	327.969	884.324	286.934
1051.929	297.209	10.68	14.762	25.569	94.869	327.958	883.771	286.895
1057.214	297.222	10.672	14.809	25.65	94.977	327.95	883.219	286.856
1062.514	297.235	10.662	14.856	25.732	95.076	327.94	882.666	286.817
1067.814	297.247	10.652	14.903	25.813	95.17	327.928	882.111	286.778
1073.114	297.26	10.641	14.949	25.892	95.264	327.915	881.559	286.739
1078.4	297.273	10.63	14.994	25.971	95.341	327.898	881.009	286.7
1083.671	297.286	10.619	15.039	26.049	95.428	327.883	880.46	286.661
1088.929	297.299	10.607	15.084	26.127	95.506	327.866	879.911	286.623
1094.186	297.311	10.596	15.129	26.205	95.594	327.851	879.363	286.584
1099.443	297.324	10.585	15.174	26.281	95.681	327.837	878.816	286.545
1104.7	297.337	10.575	15.218	26.358	95.778	327.825	878.267	286.506
1109.986	297.35	10.565	15.262	26.435	95.867	327.811	877.717	286.467
1115.286	297.363	10.554	15.306	26.51	95.956	327.797	877.167	286.428
1120.571	297.375	10.544	15.349	26.586	96.055	327.786	876.617	286.389
1125.871	297.388	10.533	15.392	26.66	96.144	327.772	876.067	286.35
1131.186	297.401	10.522	15.434	26.733	96.23	327.757	875.516	286.311
1136.514	297.414	10.511	15.476	26.806	96.315	327.741	874.964	286.272
1141.843	297.427	10.5	15.518	26.878	96.411	327.729	874.411	286.233
1147.186	297.44	10.489	15.559	26.948	96.499	327.713	873.857	286.193
1152.529	297.453	10.479	15.598	27.016	96.595	327.701	873.304	286.154
1157.857	297.466	10.468	15.636	27.083	96.683	327.686	872.751	286.115
1163.171	297.479	10.458	15.674	27.149	96.779	327.674	872.201	286.076
1168.471	297.492	10.448	15.711	27.212	96.874	327.661	871.654	286.037
1173.771	297.504	10.437	15.746	27.274	96.968	327.649	871.109	285.998
1179.057	297.517	10.426	15.781	27.334	97.054	327.633	870.561	285.959
1184.357	297.53	10.413	15.816	27.394	97.126	327.613	870.014	285.92
1189.657	297.543	10.4	15.849	27.451	97.189	327.59	869.469	285.881
1194.971	297.556	10.387	15.881	27.506	97.26	327.57	868.923	285.842
1200.286	297.586	10.376	15.911	27.559	97.238	327.573	868.374	285.82
1205.614	297.617	10.365	15.941	27.61	97.213	327.575	867.824	285.797
1210.943	297.648	10.353	15.969	27.66	97.186	327.576	867.276	285.775
1216.257	297.679	10.342	15.996	27.707	97.159	327.577	866.73	285.753
1221.571	297.709	10.33	16.022	27.751	97.132	327.579	866.183	285.731
1226.871	297.74	10.32	16.047	27.794	97.115	327.583	865.637	285.709
1232.157	297.77	10.309	16.071	27.835	97.097	327.587	865.093	285.687
1237.429	297.801	10.3	16.093	27.874	97.087	327.594	864.551	285.665
1242.7	297.831	10.288	16.114	27.91	97.053	327.593	864.011	285.643
1247.971	297.861	10.276	16.133	27.943	97.029	327.595	863.471	285.621
1253.243	297.892	10.264	16.151	27.975	96.996	327.595	862.93	285.599
1258.514	297.922	10.251	16.169	28.005	96.952	327.59	862.389	285.577
1263.757	297.953	10.233	16.184	28.032	96.864	327.572	861.851	285.555
1268.971	297.983	10.215	16.199	28.058	96.772	327.553	861.319	285.534
1274.157	298.013	10.197	16.213	28.081	96.678	327.533	860.789	285.512
1279.314	298.042	10.178	16.226	28.104	96.579	327.511	860.263	285.491
1284.457	298.072	10.157	16.237	28.124	96.454	327.481	859.737	285.469
1289.6	298.102	10.135	16.248	28.142	96.32	327.448	859.211	285.448
1294.771	298.132	10.111	16.258	28.159	96.171	327.411	858.684	285.426
1299.971	298.162	10.088	16.266	28.174	96.037	327.378	858.153	285.404
1305.2	298.192	10.066	16.275	28.189	95.905	327.346	857.617	285.382
1310.443	298.222	10.044	16.283	28.203	95.774	327.314	857.08	285.36
1315.714	298.253	10.021	16.29	28.215	95.641	327.282	856.543	285.338
1321.0	298.283	9.999	16.296	28.226	95.508	327.25	856.006	285.316
1326.3	298.314	9.977	16.302	28.236	95.377	327.219	855.466	285.294
1331.6	298.344	9.956	16.308	28.246	95.255	327.191	854.924	285.272
1336.914	298.375	9.935	16.313	28.255	95.132	327.162	854.384	285.25
1342.214	298.406	9.913	16.318	28.263	95.008	327.134	853.846	285.227
1347.5	298.436	9.892	16.323	28.272	94.885	327.105	853.309	285.205
1352.786	298.467	9.871	16.327	28.279	94.761	327.077	852.773	285.183
1358.071	298.497	9.85	16.331	28.287	94.638	327.048	852.234	285.161
1363.357	298.528	9.827	16.336	28.294	94.501	327.016	851.697	285.139
1368.643	298.558	9.806	16.341	28.303	94.372	326.986	851.163	285.117
1373.929	298.589	9.783	16.345	28.31	94.23	326.952	850.627	285.095
1379.214	298.62	9.759	16.349	28.318	94.079	326.915	850.091	285.073
1384.514	298.65	9.736	16.354	28.325	93.937	326.882	849.556	285.051
1389.814	298.681	9.713	16.358	28.333	93.796	326.848	849.019	285.028
1395.129	298.712	9.691	16.362	28.34	93.668	326.819	848.48	285.006
1400.443	298.742	9.669	16.366	28.346	93.531	326.787	847.943	284.984
1405.757	298.773	9.648	16.369	28.352	93.404	326.758	847.406	284.961
1411.1	298.804	9.626	16.372	28.357	93.275	326.729	846.869	284.939
1416.443	298.835	9.605	16.375	28.362	93.147	326.7	846.33	284.917
1421.8	298.866	9.582	16.378	28.367	93.011	326.669	845.79	284.894
1427.157	298.897	9.56	16.379	28.37	92.875	326.638	845.25	284.872
1432.514	298.928	9.539	16.38	28.371	92.748	326.609	844.71	284.849
1437.871	298.959	9.518	16.381	28.372	92.62	326.581	844.171	284.827
1443.214	298.99	9.495	16.381	28.372	92.484	326.55	843.633	284.805
1448.557	299.021	9.473	16.379	28.37	92.347	326.518	843.094	284.782
1453.886	299.052	9.451	16.377	28.366	92.211	326.487	842.557	284.76
1459.214	299.083	9.43	16.374	28.361	92.081	326.459	842.023	284.737
1464.529	299.113	9.409	16.37	28.354	91.952	326.43	841.49	284.715
1469.814	299.144	9.387	16.365	28.345	91.821	326.401	840.96	284.693
1475.086	299.175	9.366	16.359	28.334	91.69	326.372	840.431	284.671
1480.314	299.205	9.344	16.351	28.322	91.554	326.341	839.906	284.649
1485.529	299.235	9.321	16.343	28.307	91.409	326.307	839.383	284.627
1490.743	299.265	9.299	16.333	28.289	91.263	326.273	838.861	284.605
1495.943	299.295	9.277	16.321	28.27	91.126	326.243	838.34	284.583
1501.129	299.325	9.255	16.309	28.247	90.989	326.212	837.82	284.561
1506.3	299.355	9.233	16.295	28.224	90.851	326.18	837.301	284.539
1511.457	299.385	9.212	16.28	28.198	90.712	326.149	836.786	284.518
1516.614	299.415	9.191	16.264	28.169	90.581	326.12	836.271	284.496
1521.757	299.445	9.169	16.246	28.14	90.443	326.089	835.757	284.474
1526.9	299.475	9.148	16.229	28.109	90.312	326.061	835.244	284.453
1532.029	299.505	9.127	16.209	28.075	90.182	326.032	834.733	284.431
1537.171	299.535	9.106	16.189	28.041	90.043	326.001	834.22	284.41
1542.3	299.564	9.084	16.168	28.004	89.904	325.97	833.707	284.388
1547.429	299.594	9.063	16.145	27.964	89.773	325.941	833.197	284.366
1552.543	299.624	9.045	16.121	27.923	89.666	325.92	832.687	284.345
1557.657	299.653	9.027	16.096	27.88	89.567	325.901	832.177	284.323
1562.757	299.683	9.009	16.071	27.835	89.46	325.88	831.669	284.302
1567.871	299.713	8.991	16.044	27.788	89.351	325.859	831.161	284.28
1572.971	299.742	8.973	16.016	27.741	89.251	325.84	830.656	284.259
1578.086	299.772	8.955	15.988	27.692	89.138	325.817	830.149	284.237
1583.2	299.802	8.935	15.958	27.64	89.018	325.792	829.639	284.216
1588.329	299.831	8.915	15.928	27.588	88.897	325.767	829.13	284.194
1593.457	299.861	8.894	15.896	27.533	88.76	325.738	828.624	284.173
1598.586	299.891	8.873	15.865	27.479	88.624	325.709	828.117	284.151
1603.729	299.921	8.852	15.832	27.422	88.489	325.68	827.607	284.129
1608.9	299.951	8.832	15.799	27.364	88.363	325.654	827.096	284.108
1614.071	299.981	8.812	15.764	27.305	88.229	325.625	826.584	284.086
1619.257	300.011	8.792	15.73	27.245	88.103	325.599	826.074	284.064
1624.443	300.041	8.774	15.695	27.185	88.0	325.581	825.563	284.043
1629.657	300.072	8.759	15.659	27.123	87.926	325.571	825.049	284.021
1634.9	300.102	8.745	15.623	27.06	87.859	325.563	824.531	283.999
1640.157	300.133	8.732	15.586	26.996	87.805	325.559	824.013	283.976
1645.443	300.163	8.72	15.549	26.932	87.758	325.558	823.491	283.954
1650.743	300.194	8.709	15.512	26.868	87.725	325.56	822.97	283.932
1656.057	300.225	8.699	15.474	26.802	87.697	325.565	822.447	283.909
1661.357	300.256	8.69	15.437	26.738	87.684	325.573	821.926	283.887
1666.657	300.287	8.68	15.4	26.674	87.656	325.578	821.404	283.865
1671.971	300.318	8.669	15.362	26.608	87.619	325.58	820.884	283.843
1677.314	300.349	8.658	15.324	26.542	87.591	325.584	820.361	283.82
1682.671	300.38	8.647	15.286	26.477	87.551	325.585	819.836	283.798
1688.043	300.411	8.635	15.249	26.411	87.512	325.586	819.309	283.775
1693.414	300.442	8.623	15.211	26.346	87.464	325.585	818.781	283.752
1698.8	300.474	8.611	15.173	26.28	87.415	325.584	818.256	283.73
1704.186	300.505	8.6	15.135	26.215	87.38	325.586	817.73	283.707
1709.586	300.536	8.588	15.097	26.149	87.337	325.587	817.201	283.685
1715.014	300.568	8.577	15.059	26.083	87.303	325.59	816.671	283.662
1720.457	300.6	8.565	15.022	26.019	87.263	325.591	816.139	283.639
1725.914	300.631	8.554	14.985	25.955	87.221	325.592	815.607	283.616
1731.357	300.663	8.541	14.948	25.89	87.172	325.591	815.076	283.593
1736.814	300.695	8.529	14.911	25.826	87.123	325.589	814.544	283.57
1742.271	300.727	8.518	14.874	25.762	87.088	325.593	814.013	283.547
1747.729	300.759	8.509	14.837	25.699	87.076	325.602	813.48	283.524
1753.186	300.79	8.499	14.801	25.636	87.056	325.609	812.947	283.501
1758.643	300.822	8.49	14.764	25.572	87.035	325.617	812.416	283.478
1764.086	300.854	8.478	14.729	25.511	86.991	325.617	811.886	283.455
1769.543	300.886	8.468	14.694	25.45	86.969	325.624	811.356	283.432
1775.0	300.917	8.458	14.659	25.389	86.947	325.631	810.826	283.409
1780.443	300.949	8.448	14.624	25.33	86.918	325.635	810.296	283.386
1785.9	300.981	8.437	14.591	25.272	86.887	325.64	809.766	283.363
1791.357	301.013	8.427	14.557	25.214	86.858	325.644	809.236	283.34
1796.829	301.045	8.416	14.524	25.157	86.828	325.649	808.706	283.317
1802.314	301.077	8.406	14.492	25.101	86.798	325.654	808.174	283.294
1807.829	301.109	8.395	14.461	25.047	86.762	325.657	807.64	283.27
1813.357	301.141	8.384	14.43	24.993	86.734	325.662	807.104	283.247
1818.9	301.173	8.373	14.4	24.942	86.699	325.666	806.567	283.223
1824.457	301.206	8.362	14.371	24.892	86.662	325.669	806.031	283.2
1830.014	301.238	8.35	14.343	24.843	86.618	325.67	805.494	283.177
1835.557	301.271	8.339	14.315	24.794	86.587	325.674	804.959	283.153
1841.114	301.303	8.328	14.289	24.749	86.548	325.677	804.421	283.13
1846.671	301.335	8.317	14.263	24.704	86.508	325.679	803.886	283.106
1852.243	301.368	8.306	14.237	24.659	86.482	325.685	803.35	283.083
1857.8	301.4	8.298	14.212	24.616	86.47	325.696	802.814	283.059
1863.357	301.433	8.289	14.189	24.575	86.458	325.706	802.279	283.036
1868.914	301.465	8.279	14.166	24.536	86.437	325.714	801.744	283.012
1874.457	301.498	8.27	14.144	24.497	86.416	325.722	801.211	282.989
1880.0	301.53	8.259	14.121	24.459	86.386	325.727	800.679	282.965
1885.543	301.562	8.249	14.1	24.422	86.356	325.732	800.147	282.942
1891.071	301.595	8.238	14.079	24.386	86.327	325.738	799.616	282.919
1896.614	301.627	8.228	14.059	24.35	86.298	325.743	799.083	282.895
1902.171	301.66	8.218	14.038	24.314	86.27	325.749	798.549	282.872
1907.729	301.692	8.206	14.018	24.28	86.233	325.752	798.014	282.848
1913.286	301.724	8.196	13.997	24.244	86.205	325.758	797.481	282.824
1918.843	301.757	8.186	13.977	24.209	86.175	325.763	796.95	282.801
1924.4	301.789	8.174	13.957	24.174	86.125	325.763	796.419	282.777
1929.957	301.822	8.159	13.936	24.139	86.048	325.755	795.887	282.754
1935.529	301.854	8.144	13.916	24.103	85.97	325.747	795.356	282.73
1941.1	301.887	8.13	13.895	24.067	85.901	325.741	794.824	282.707
1946.657	301.92	8.116	13.874	24.031	85.837	325.736	794.293	282.683
1952.2	301.952	8.102	13.853	23.994	85.773	325.732	793.763	282.66
1957.729	301.984	8.089	13.831	23.957	85.714	325.729	793.234	282.636
1963.257	302.017	8.077	13.81	23.92	85.663	325.729	792.709	282.613
1968.771	302.049	8.064	13.787	23.88	85.604	325.726	792.183	282.589
1974.3	302.081	8.052	13.764	23.84	85.56	325.727	791.654	282.566
1979.814	302.113	8.041	13.741	23.8	85.516	325.728	791.127	282.542
1985.314	302.146	8.028	13.717	23.759	85.462	325.727	790.604	282.519
1990.786	302.178	8.016	13.694	23.718	85.408	325.725	790.083	282.495
1996.243	302.21	8.004	13.669	23.676	85.361	325.726	789.564	282.472
2001.686	302.223	7.992	13.644	23.633	85.407	325.706	789.047	282.432
2007.114	302.236	7.979	13.619	23.589	85.452	325.686	788.531	282.392
2012.529	302.25	7.966	13.594	23.546	85.489	325.663	788.016	282.351
2017.929	302.263	7.953	13.569	23.503	85.533	325.643	787.503	282.311
2023.314	302.276	7.94	13.544	23.459	85.567	325.62	786.991	282.271
2028.686	302.29	7.927	13.519	23.416	85.608	325.599	786.483	282.231
2034.043	302.303	7.915	13.494	23.373	85.654	325.58	785.976	282.192
2039.386	302.316	7.903	13.469	23.329	85.7	325.561	785.47	282.152
2044.743	302.329	7.891	13.444	23.286	85.747	325.542	784.963	282.112
2050.086	302.342	7.878	13.419	23.243	85.785	325.52	784.456	282.072
2055.429	302.356	7.866	13.395	23.201	85.832	325.501	783.95	282.033
2060.757	302.369	7.854	13.371	23.159	85.877	325.482	783.446	281.993
2066.057	302.382	7.843	13.347	23.118	85.928	325.464	782.944	281.954
2071.343	302.395	7.831	13.324	23.078	85.978	325.447	782.446	281.915
2076.629	302.408	7.819	13.302	23.04	86.015	325.426	781.947	281.875
2081.914	302.421	7.805	13.281	23.003	86.035	325.4	781.449	281.836
2087.2	302.434	7.789	13.26	22.967	86.041	325.37	780.949	281.797
2092.5	302.447	7.774	13.24	22.932	86.047	325.34	780.45	281.757
2097.786	302.46	7.758	13.221	22.899	86.053	325.31	779.951	281.718
2103.057	302.473	7.744	13.202	22.867	86.065	325.283	779.456	281.679
2108.329	302.486	7.728	13.184	22.836	86.07	325.253	778.96	281.64
2113.6	302.499	7.715	13.167	22.806	86.097	325.23	778.466	281.601
2118.857	302.512	7.702	13.151	22.778	86.125	325.206	777.971	281.562
2124.1	302.525	7.687	13.135	22.75	86.138	325.179	777.479	281.523
2129.329	302.538	7.671	13.12	22.725	86.135	325.148	776.989	281.484
2134.543	302.551	7.656	13.106	22.7	86.133	325.117	776.5	281.446
2139.743	302.563	7.64	13.092	22.676	86.129	325.086	776.013	281.407
2144.943	302.576	7.625	13.079	22.653	86.134	325.057	775.526	281.368
2150.129	302.589	7.609	13.065	22.629	86.124	325.024	775.04	281.33
2155.3	302.602	7.592	13.052	22.607	86.112	324.992	774.556	281.291
2160.486	302.615	7.577	13.039	22.585	86.109	324.961	774.071	281.253
2165.657	302.627	7.56	13.026	22.562	86.093	324.927	773.587	281.215
2170.829	302.64	7.544	13.014	22.54	86.086	324.895	773.103	281.176
2176.014	302.653	7.528	13.001	22.518	86.079	324.864	772.619	281.138
2181.186	302.666	7.513	12.989	22.497	86.071	324.832	772.134	281.099
2186.343	302.678	7.497	12.976	22.475	86.062	324.8	771.653	281.061
2191.5	302.691	7.481	12.963	22.452	86.053	324.769	771.173	281.023
2196.643	302.704	7.466	12.95	22.43	86.051	324.739	770.694	280.985
2201.771	302.717	7.45	12.936	22.407	86.042	324.708	770.216	280.946
2206.9	302.729	7.435	12.923	22.383	86.041	324.679	769.737	280.908
2212.043	302.742	7.418	12.909	22.36	86.017	324.644	769.259	280.87
2217.186	302.755	7.402	12.895	22.335	86.002	324.611	768.78	280.832
2222.329	302.767	7.386	12.881	22.31	85.987	324.578	768.301	280.794
2227.471	302.78	7.369	12.866	22.285	85.963	324.543	767.823	280.756
2232.614	302.793	7.352	12.852	22.261	85.934	324.507	767.344	280.717
2237.757	302.805	7.334	12.837	22.235	85.896	324.468	766.867	280.679
2242.9	302.818	7.316	12.823	22.21	85.867	324.432	766.389	280.641
2248.057	302.831	7.3	12.809	22.185	85.852	324.4	765.909	280.602
2253.229	302.844	7.284	12.794	22.16	85.837	324.367	765.429	280.564
2258.4	302.856	7.267	12.781	22.137	85.809	324.332	764.949	280.525
2263.571	302.869	7.251	12.767	22.113	85.794	324.299	764.469	280.487
2268.729	302.882	7.235	12.755	22.092	85.777	324.267	763.991	280.449
2273.871	302.895	7.219	12.743	22.071	85.76	324.235	763.516	280.411
2279.029	302.907	7.204	12.731	22.051	85.757	324.206	763.04	280.372
2284.171	302.92	7.189	12.721	22.033	85.753	324.177	762.564	280.334
2289.3	302.933	7.174	12.711	22.016	85.742	324.146	762.089	280.296
2294.429	302.945	7.16	12.701	22.0	85.752	324.122	761.614	280.258
2299.557	302.958	7.147	12.694	21.986	85.77	324.098	761.14	280.22
2304.671	302.971	7.135	12.686	21.974	85.799	324.078	760.667	280.181
2309.8	302.983	7.123	12.68	21.962	85.82	324.056	760.193	280.143
2314.957	302.996	7.109	12.674	21.953	85.837	324.033	759.717	280.105
2320.143	303.009	7.096	12.669	21.944	85.846	324.007	759.239	280.066
2325.357	303.022	7.083	12.665	21.936	85.865	323.984	758.759	280.028
2330.6	303.035	7.069	12.662	21.931	85.877	323.959	758.276	279.989
2335.857	303.048	7.056	12.661	21.929	85.898	323.937	757.793	279.95
2341.114	303.061	7.043	12.66	21.928	85.91	323.912	757.31	279.911
2346.386	303.074	7.029	12.66	21.928	85.927	323.889	756.827	279.872
2351.657	303.087	7.017	12.661	21.929	85.954	323.868	756.343	279.832
2356.929	303.1	7.005	12.662	21.931	85.98	323.847	755.859	279.793
2362.2	303.113	6.992	12.664	21.935	85.998	323.823	755.374	279.754
2367.471	303.126	6.979	12.667	21.94	86.026	323.802	754.889	279.715
2372.771	303.139	6.966	12.671	21.946	86.045	323.78	754.403	279.675
2378.071	303.152	6.954	12.675	21.954	86.073	323.759	753.919	279.636
2383.357	303.165	6.942	12.68	21.962	86.1	323.738	753.434	279.597
2388.643	303.178	6.929	12.685	21.971	86.121	323.716	752.951	279.557
2393.914	303.191	6.915	12.691	21.981	86.134	323.692	752.469	279.518
2399.171	303.204	6.903	12.697	21.992	86.156	323.67	751.986	279.479
2404.443	303.217	6.89	12.704	22.003	86.182	323.649	751.504	279.44
2409.7	303.23	6.878	12.71	22.014	86.207	323.628	751.023	279.401
2414.971	303.243	6.866	12.717	22.027	86.234	323.607	750.541	279.361
2420.243	303.256	6.853	12.724	22.038	86.26	323.586	750.059	279.322
2425.514	303.269	6.841	12.731	22.05	86.285	323.565	749.579	279.283
2430.8	303.282	6.829	12.737	22.061	86.311	323.545	749.099	279.244
2436.086	303.296	6.817	12.744	22.073	86.338	323.524	748.616	279.204
2441.371	303.309	6.807	12.75	22.084	86.393	323.511	748.133	279.165
2446.657	303.322	6.798	12.756	22.094	86.467	323.502	747.651	279.126
2451.943	303.335	6.789	12.761	22.103	86.533	323.49	747.171	279.086
2457.214	303.348	6.781	12.766	22.112	86.606	323.481	746.693	279.047
2462.486	303.361	6.773	12.771	22.12	86.684	323.473	746.214	279.008
2467.771	303.374	6.764	12.774	22.126	86.762	323.466	745.734	278.969
2473.071	303.387	6.757	12.777	22.131	86.854	323.461	745.254	278.93
2478.386	303.4	6.75	12.779	22.134	86.948	323.456	744.771	278.89
2483.714	303.413	6.743	12.781	22.137	87.034	323.45	744.287	278.85
2489.071	303.427	6.737	12.781	22.138	87.148	323.45	743.801	278.81
2494.471	303.44	6.731	12.781	22.137	87.255	323.448	743.313	278.77
2499.9	303.453	6.725	12.779	22.134	87.365	323.446	742.821	278.73
2505.357	303.467	6.719	12.776	22.129	87.476	323.445	742.327	278.689
2510.843	303.481	6.713	12.773	22.123	87.591	323.445	741.831	278.649
2516.343	303.494	6.706	12.769	22.117	87.699	323.442	741.334	278.608
2521.871	303.508	6.701	12.764	22.108	87.822	323.443	740.834	278.566
2527.4	303.522	6.695	12.759	22.098	87.936	323.442	740.334	278.525
2532.957	303.535	6.691	12.752	22.087	88.078	323.447	739.833	278.484
2538.529	303.549	6.686	12.745	22.075	88.212	323.451	739.331	278.443
2544.1	303.563	6.681	12.737	22.061	88.337	323.452	738.83	278.401
2549.686	303.577	6.676	12.728	22.045	88.475	323.456	738.327	278.36
2555.286	303.591	6.672	12.718	22.028	88.617	323.46	737.821	278.318
2560.914	303.604	6.668	12.707	22.009	88.759	323.465	737.314	278.276
2566.571	303.618	6.662	12.696	21.991	88.889	323.467	736.806	278.234
2572.257	303.633	6.657	12.685	21.971	89.018	323.468	736.294	278.192
2577.957	303.647	6.65	12.673	21.95	89.136	323.466	735.781	278.149
2583.671	303.661	6.644	12.66	21.928	89.254	323.464	735.267	278.107
2589.4	303.675	6.638	12.647	21.905	89.386	323.466	734.753	278.064
2595.143	303.689	6.632	12.634	21.882	89.51	323.465	734.237	278.021
2600.886	303.703	6.627	12.62	21.858	89.643	323.467	733.721	277.978
2606.643	303.718	6.621	12.606	21.834	89.777	323.468	733.206	277.936
2612.4	303.732	6.616	12.591	21.809	89.912	323.47	732.689	277.893
2618.157	303.746	6.61	12.576	21.782	90.047	323.472	732.173	277.85
2623.914	303.76	6.604	12.56	21.755	90.17	323.471	731.659	277.807
2629.671	303.775	6.6	12.544	21.726	90.315	323.475	731.144	277.764
2635.443	303.789	6.595	12.526	21.696	90.468	323.48	730.627	277.721
2641.229	303.803	6.59	12.509	21.667	90.607	323.482	730.109	277.678
2647.043	303.818	6.584	12.491	21.636	90.735	323.482	729.589	277.634
2652.871	303.832	6.577	12.473	21.604	90.851	323.478	729.069	277.591
2658.714	303.847	6.569	12.454	21.57	90.962	323.474	728.547	277.547
2664.571	303.861	6.56	12.434	21.537	91.052	323.465	728.024	277.504
2670.471	303.876	6.552	12.414	21.502	91.153	323.458	727.499	277.46
2676.371	303.89	6.544	12.394	21.468	91.256	323.451	726.971	277.416
2682.286	303.905	6.535	12.374	21.432	91.358	323.444	726.446	277.372
2688.214	303.92	6.526	12.353	21.396	91.446	323.434	725.919	277.327
2694.129	303.934	6.517	12.331	21.359	91.547	323.427	725.393	277.283
2700.029	303.949	6.509	12.31	21.322	91.647	323.42	724.869	277.239
2705.914	303.964	6.502	12.289	21.284	91.76	323.415	724.346	277.196
2711.786	303.978	6.494	12.267	21.247	91.872	323.41	723.824	277.152
2717.629	303.993	6.486	12.245	21.209	91.983	323.406	723.306	277.108
2723.457	304.007	6.479	12.224	21.172	92.095	323.401	722.787	277.065
2729.271	304.022	6.471	12.202	21.135	92.206	323.396	722.271	277.021
2735.071	304.036	6.463	12.181	21.098	92.298	323.388	721.757	276.978
2740.886	304.05	6.454	12.16	21.062	92.39	323.379	721.243	276.935
2746.7	304.065	6.444	12.139	21.026	92.473	323.368	720.729	276.891
2752.529	304.079	6.436	12.119	20.991	92.567	323.36	720.213	276.848
2758.357	304.094	6.426	12.1	20.958	92.652	323.349	719.697	276.804
2764.186	304.108	6.417	12.081	20.924	92.734	323.338	719.183	276.761
2770.014	304.123	6.407	12.062	20.892	92.816	323.327	718.667	276.717
2775.857	304.137	6.396	12.044	20.86	92.876	323.311	718.151	276.674
2781.714	304.152	6.385	12.026	20.83	92.938	323.296	717.634	276.63
2787.586	304.166	6.374	12.009	20.801	93.001	323.28	717.116	276.586
2793.486	304.181	6.363	11.993	20.772	93.065	323.265	716.596	276.542
2799.371	304.195	6.352	11.977	20.745	93.124	323.249	716.076	276.498
2805.257	304.21	6.339	11.962	20.719	93.16	323.228	715.557	276.454
2811.129	304.225	6.327	11.948	20.694	93.204	323.209	715.041	276.41
2817.0	304.239	6.314	11.934	20.671	93.234	323.187	714.527	276.367
2822.857	304.254	6.301	11.921	20.649	93.277	323.168	714.011	276.323
2828.714	304.268	6.29	11.91	20.629	93.332	323.15	713.494	276.279
2834.571	304.283	6.279	11.899	20.61	93.388	323.134	712.98	276.235
2840.429	304.297	6.267	11.889	20.593	93.438	323.116	712.467	276.191
2846.271	304.312	6.255	11.88	20.577	93.489	323.099	711.954	276.148
2852.1	304.326	6.244	11.871	20.562	93.549	323.083	711.441	276.104
2857.914	304.341	6.233	11.864	20.55	93.599	323.066	710.93	276.06
2863.714	304.355	6.222	11.859	20.54	93.655	323.05	710.421	276.017
2869.5	304.369	6.21	11.854	20.531	93.7	323.031	709.916	275.974
2875.257	304.384	6.198	11.849	20.524	93.741	323.012	709.41	275.93
2881.014	304.398	6.186	11.846	20.519	93.784	322.994	708.906	275.887
2886.771	304.412	6.174	11.844	20.515	93.823	322.974	708.403	275.844
2892.514	304.427	6.16	11.843	20.512	93.837	322.95	707.901	275.801
2898.229	304.441	6.147	11.843	20.512	93.859	322.928	707.403	275.759
2903.914	304.455	6.136	11.844	20.514	93.904	322.91	706.906	275.716
2909.586	304.469	6.123	11.846	20.517	93.937	322.89	706.411	275.674
2915.229	304.483	6.112	11.849	20.522	93.977	322.872	705.92	275.631
2920.857	304.497	6.1	11.852	20.529	94.016	322.854	705.43	275.589
2926.471	304.511	6.088	11.856	20.536	94.039	322.833	704.943	275.548
2932.071	304.525	6.077	11.861	20.545	94.085	322.816	704.456	275.506
2937.643	304.539	6.064	11.867	20.554	94.104	322.794	703.971	275.464
2943.214	304.552	6.052	11.874	20.566	94.136	322.774	703.486	275.422
2948.8	304.566	6.04	11.881	20.578	94.167	322.755	703.0	275.38
2954.386	304.58	6.027	11.889	20.592	94.184	322.732	702.514	275.339
2959.971	304.594	6.015	11.897	20.606	94.21	322.712	702.03	275.297
2965.543	304.608	6.002	11.906	20.623	94.226	322.69	701.547	275.255
2971.086	304.622	5.99	11.916	20.639	94.255	322.67	701.066	275.214
2976.6	304.635	5.979	11.926	20.656	94.298	322.653	700.587	275.172
2982.1	304.649	5.969	11.936	20.673	94.353	322.639	700.111	275.131
2987.586	304.663	5.959	11.946	20.692	94.418	322.627	699.637	275.09
2993.071	304.676	5.948	11.956	20.709	94.458	322.61	699.163	275.049
2998.557	304.69	5.938	11.967	20.728	94.509	322.595	698.689	275.008
3004.057	304.704	5.928	11.978	20.746	94.559	322.58	698.214	274.967
3009.586	304.717	5.917	11.989	20.765	94.602	322.564	697.737	274.926
3015.129	304.731	5.907	11.999	20.782	94.655	322.549	697.26	274.884
3020.686	304.745	5.896	12.009	20.801	94.708	322.535	696.781	274.843
3026.257	304.759	5.885	12.019	20.818	94.749	322.517	696.301	274.801
3031.829	304.773	5.873	12.03	20.837	94.774	322.498	695.821	274.76
3037.4	304.786	5.862	12.04	20.854	94.809	322.48	695.343	274.718
3042.957	304.8	5.85	12.05	20.871	94.833	322.46	694.866	274.677
3048.5	304.814	5.839	12.059	20.887	94.883	322.444	694.389	274.635
3054.043	304.828	5.83	12.069	20.905	94.948	322.432	693.911	274.594
3059.571	304.842	5.82	12.079	20.921	95.002	322.418	693.436	274.552
3065.1	304.855	5.81	12.088	20.937	95.07	322.407	692.961	274.511
3070.614	304.869	5.801	12.096	20.952	95.138	322.395	692.489	274.47
3076.143	304.883	5.792	12.105	20.966	95.206	322.384	692.016	274.428
3081.686	304.897	5.783	12.114	20.981	95.285	322.375	691.541	274.387
3087.257	304.91	5.774	12.122	20.996	95.356	322.364	691.064	274.345
3092.857	304.924	5.765	12.131	21.011	95.425	322.352	690.584	274.303
3098.486	304.938	5.755	12.139	21.026	95.486	322.339	690.101	274.261
3104.143	304.952	5.745	12.149	21.042	95.54	322.325	689.62	274.219
3109.8	304.966	5.734	12.158	21.058	95.587	322.309	689.137	274.177
3115.486	304.981	5.723	12.168	21.075	95.636	322.293	688.651	274.134
3121.2	304.995	5.712	12.177	21.091	95.676	322.276	688.164	274.092
3126.943	305.009	5.701	12.187	21.109	95.719	322.259	687.674	274.049
3132.7	305.023	5.691	12.198	21.127	95.777	322.245	687.184	274.006
3138.443	305.038	5.68	12.209	21.146	95.835	322.231	686.694	273.963
3144.186	305.052	5.67	12.22	21.166	95.892	322.217	686.206	273.92
3149.929	305.066	5.66	12.232	21.187	95.95	322.203	685.717	273.877
3155.686	305.081	5.65	12.244	21.208	96.008	322.189	685.229	273.834
3161.443	305.095	5.64	12.257	21.23	96.082	322.178	684.739	273.791
3167.2	305.109	5.631	12.271	21.254	96.156	322.167	684.249	273.748
3172.957	305.124	5.623	12.285	21.278	96.256	322.161	683.759	273.704
3178.686	305.138	5.616	12.299	21.303	96.364	322.156	683.271	273.661
3184.4	305.152	5.609	12.314	21.329	96.48	322.153	682.787	273.619
3190.1	305.166	5.602	12.329	21.355	96.585	322.148	682.304	273.576
3195.8	305.18	5.594	12.345	21.382	96.681	322.141	681.821	273.533
3201.5	305.195	5.587	12.361	21.409	96.783	322.135	681.34	273.491
3207.229	305.209	5.578	12.376	21.437	96.867	322.126	680.856	273.448
3212.957	305.223	5.571	12.393	21.465	96.977	322.122	680.37	273.405
3218.686	305.237	5.563	12.409	21.494	97.073	322.114	679.884	273.362
3224.386	305.252	5.555	12.426	21.522	97.175	322.109	679.403	273.319
3230.057	305.266	5.547	12.441	21.549	97.261	322.1	678.924	273.277
3235.7	305.28	5.539	12.457	21.576	97.345	322.091	678.449	273.235
3241.314	305.294	5.529	12.473	21.604	97.406	322.079	677.974	273.193
3246.914	305.308	5.518	12.488	21.63	97.452	322.063	677.503	273.151
3252.5	305.322	5.507	12.502	21.654	97.485	322.046	677.033	273.109
3258.086	305.336	5.493	12.516	21.678	97.468	322.02	676.563	273.067
3263.657	305.349	5.48	12.529	21.7	97.452	321.994	676.093	273.026
3269.229	305.363	5.465	12.541	21.722	97.426	321.966	675.624	272.984
3274.771	305.377	5.451	12.554	21.743	97.405	321.94	675.159	272.942
3280.3	305.391	5.438	12.564	21.762	97.402	321.917	674.694	272.901
3285.8	305.405	5.425	12.575	21.781	97.399	321.894	674.231	272.86
3291.3	305.418	5.412	12.585	21.798	97.383	321.868	673.769	272.818
3296.8	305.432	5.398	12.595	21.815	97.354	321.841	673.307	272.777
3302.286	305.446	5.385	12.604	21.83	97.36	321.82	672.847	272.736
3307.757	305.459	5.373	12.612	21.845	97.363	321.798	672.387	272.695
3313.214	305.473	5.361	12.62	21.858	97.375	321.778	671.929	272.654
3318.643	305.486	5.349	12.628	21.872	97.387	321.758	671.471	272.613
3324.057	305.5	5.336	12.636	21.886	97.371	321.733	671.017	272.572
3329.457	305.513	5.324	12.644	21.899	97.375	321.712	670.564	272.532
3334.829	305.527	5.312	12.651	21.913	97.377	321.691	670.114	272.491
3340.157	305.54	5.3	12.659	21.927	97.387	321.671	669.667	272.451
3345.457	305.553	5.288	12.667	21.94	97.384	321.65	669.224	272.411
3350.714	305.566	5.275	12.676	21.955	97.356	321.624	668.786	272.372
3355.943	305.579	5.261	12.684	21.97	97.314	321.597	668.35	272.333
3361.157	305.592	5.246	12.693	21.985	97.249	321.565	667.916	272.294
3366.371	305.605	5.231	12.702	22.001	97.196	321.536	667.481	272.255
3371.571	305.618	5.217	12.713	22.019	97.155	321.509	667.047	272.216
3376.771	305.631	5.203	12.724	22.038	97.1	321.479	666.613	272.177
3381.943	305.644	5.187	12.736	22.059	97.019	321.446	666.183	272.138
3387.086	305.657	5.171	12.749	22.081	96.926	321.41	665.754	272.099
3392.2	305.67	5.155	12.761	22.103	96.844	321.377	665.329	272.061
3397.286	305.682	5.14	12.776	22.128	96.77	321.345	664.906	272.023
3402.371	305.695	5.124	12.791	22.155	96.687	321.312	664.483	271.984
3407.443	305.708	5.109	12.808	22.184	96.602	321.279	664.06	271.946
3412.514	305.72	5.094	12.826	22.215	96.527	321.247	663.639	271.908
3417.571	305.733	5.078	12.844	22.246	96.441	321.214	663.219	271.87
3422.614	305.745	5.062	12.863	22.279	96.353	321.181	662.8	271.832
3427.657	305.758	5.047	12.883	22.314	96.276	321.149	662.381	271.794
3432.686	305.771	5.033	12.904	22.351	96.2	321.118	661.964	271.757
3437.714	305.783	5.018	12.926	22.388	96.123	321.087	661.549	271.719
3442.729	305.796	5.003	12.949	22.428	96.056	321.058	661.133	271.681
3447.729	305.808	4.989	12.972	22.468	95.989	321.028	660.719	271.644
3452.714	305.821	4.975	12.996	22.51	95.921	320.999	660.306	271.606
3457.686	305.833	4.961	13.021	22.554	95.851	320.97	659.894	271.569
3462.629	305.845	4.946	13.046	22.597	95.783	320.941	659.484	271.531
3467.529	305.857	4.933	13.072	22.642	95.723	320.913	659.077	271.494
3472.414	305.87	4.919	13.098	22.686	95.66	320.885	658.674	271.458
3477.257	305.882	4.906	13.124	22.731	95.595	320.858	658.276	271.421
3482.071	305.894	4.893	13.149	22.775	95.542	320.832	657.877	271.385
3486.857	305.906	4.88	13.175	22.82	95.498	320.808	657.481	271.349
3491.614	305.918	4.867	13.2	22.863	95.44	320.782	657.09	271.313
3496.343	305.929	4.855	13.225	22.906	95.391	320.757	656.7	271.278
3501.057	305.941	4.843	13.25	22.95	95.352	320.734	656.311	271.242
3505.786	305.953	4.831	13.274	22.992	95.316	320.712	655.921	271.207
3510.529	305.965	4.82	13.298	23.033	95.28	320.69	655.531	271.171
3515.271	305.977	4.809	13.321	23.072	95.254	320.669	655.141	271.135
3520.0	305.988	4.797	13.343	23.111	95.217	320.647	654.753	271.1
3524.714	306.0	4.786	13.364	23.148	95.19	320.626	654.366	271.065
3529.429	306.012	4.774	13.385	23.184	95.152	320.604	653.98	271.029
3534.143	306.024	4.762	13.405	23.218	95.113	320.582	653.594	270.994
3538.886	306.035	4.751	13.424	23.252	95.074	320.56	653.207	270.959
3543.657	306.047	4.739	13.443	23.284	95.027	320.537	652.816	270.923
3548.471	306.059	4.726	13.461	23.315	94.972	320.512	652.421	270.887
3553.3	306.071	4.714	13.479	23.346	94.928	320.488	652.026	270.85
3558.143	306.084	4.702	13.496	23.375	94.885	320.466	651.63	270.814
3563.0	306.096	4.691	13.513	23.405	94.865	320.446	651.233	270.777
3567.843	306.108	4.681	13.529	23.433	94.855	320.429	650.837	270.741
3572.686	306.12	4.67	13.546	23.462	94.835	320.409	650.441	270.705
3577.557	306.132	4.659	13.562	23.49	94.813	320.39	650.046	270.668
3582.457	306.144	4.648	13.579	23.519	94.784	320.369	649.646	270.632
3587.4	306.157	4.636	13.596	23.548	94.756	320.349	649.243	270.595
3592.371	306.169	4.625	13.613	23.578	94.731	320.328	648.837	270.557
3597.371	306.181	4.615	13.631	23.609	94.722	320.311	648.43	270.52
3602.386	306.194	4.605	13.649	23.641	94.729	320.296	648.021	270.482
3607.4	306.207	4.597	13.669	23.675	94.762	320.284	647.613	270.444
3612.414	306.219	4.59	13.689	23.709	94.826	320.277	647.204	270.407
3617.443	306.232	4.583	13.709	23.745	94.891	320.271	646.794	270.369
3622.486	306.244	4.576	13.731	23.784	94.967	320.266	646.384	270.331
3627.543	306.257	4.569	13.754	23.823	95.029	320.259	645.973	270.293
3632.6	306.269	4.561	13.779	23.865	95.077	320.25	645.561	270.255
3637.671	306.282	4.554	13.804	23.908	95.126	320.241	645.15	270.217
3642.757	306.295	4.546	13.829	23.953	95.177	320.232	644.737	270.178
3647.843	306.308	4.537	13.856	24.0	95.193	320.218	644.324	270.14
3652.957	306.32	4.525	13.885	24.05	95.161	320.197	643.91	270.102
3658.1	306.333	4.513	13.914	24.1	95.128	320.176	643.494	270.063
3663.257	306.346	4.502	13.944	24.152	95.108	320.157	643.076	270.024
3668.457	306.359	4.491	13.975	24.205	95.089	320.137	642.656	269.985
3673.671	306.372	4.48	14.006	24.26	95.059	320.117	642.234	269.946
3678.914	306.385	4.466	14.038	24.314	94.998	320.091	641.81	269.907
3684.171	306.398	4.452	14.07	24.37	94.914	320.062	641.386	269.867
3689.457	306.412	4.439	14.103	24.427	94.843	320.036	640.96	269.828
3694.771	306.425	4.426	14.136	24.484	94.796	320.012	640.531	269.788
3700.114	306.438	4.415	14.169	24.541	94.779	319.993	640.099	269.747
3705.486	306.452	4.404	14.201	24.598	94.765	319.975	639.664	269.707
3710.871	306.465	4.394	14.234	24.655	94.768	319.958	639.229	269.666
3716.286	306.479	4.384	14.267	24.711	94.778	319.943	638.793	269.626
3721.714	306.492	4.372	14.299	24.767	94.752	319.923	638.356	269.585
3727.157	306.506	4.359	14.331	24.823	94.705	319.9	637.919	269.544
3732.629	306.519	4.347	14.363	24.877	94.669	319.878	637.477	269.503
3738.129	306.533	4.333	14.394	24.932	94.597	319.851	637.034	269.461
3743.671	306.547	4.315	14.426	24.986	94.422	319.809	636.589	269.419
3749.243	306.561	4.293	14.456	25.039	94.173	319.757	636.14	269.377
3754.814	306.575	4.273	14.486	25.091	93.96	319.71	635.691	269.335
3760.414	306.589	4.258	14.516	25.142	93.862	319.68	635.241	269.293
3766.029	306.603	4.246	14.544	25.191	93.834	319.659	634.79	269.251
3771.671	306.617	4.236	14.573	25.241	93.852	319.645	634.336	269.208
3777.357	306.631	4.225	14.601	25.289	93.848	319.629	633.88	269.165
3783.071	306.646	4.212	14.628	25.336	93.799	319.605	633.423	269.122
3788.8	306.66	4.197	14.654	25.382	93.689	319.573	632.964	269.079
3794.529	306.674	4.178	14.681	25.428	93.513	319.532	632.504	269.036
3800.257	306.688	4.158	14.706	25.472	93.303	319.487	632.047	268.993
3805.986	306.703	4.138	14.731	25.516	93.089	319.441	631.59	268.95
3811.7	306.717	4.118	14.757	25.56	92.867	319.394	631.133	268.906
3817.414	306.731	4.098	14.782	25.603	92.642	319.347	630.676	268.863
3823.143	306.746	4.078	14.807	25.647	92.424	319.301	630.219	268.82
3828.871	306.76	4.057	14.831	25.689	92.195	319.254	629.763	268.777
3834.6	306.774	4.036	14.856	25.731	91.954	319.205	629.306	268.734
3840.343	306.789	4.015	14.88	25.773	91.691	319.154	628.847	268.69
3846.114	306.803	3.992	14.904	25.814	91.4	319.099	628.387	268.647
3851.9	306.818	3.968	14.927	25.855	91.087	319.041	627.927	268.603
3857.7	306.832	3.944	14.951	25.895	90.782	318.984	627.464	268.559
3863.529	306.847	3.921	14.974	25.936	90.473	318.927	627.001	268.516
3869.371	306.861	3.897	14.997	25.976	90.162	318.87	626.539	268.472
3875.214	306.876	3.873	15.02	26.015	89.834	318.811	626.074	268.428
3881.086	306.891	3.848	15.043	26.055	89.497	318.751	625.609	268.383
3886.986	306.905	3.823	15.066	26.095	89.136	318.688	625.14	268.339
3892.914	306.92	3.796	15.089	26.134	88.743	318.621	624.669	268.294
3898.871	306.935	3.768	15.111	26.174	88.34	318.553	624.196	268.249
3904.843	306.95	3.741	15.134	26.213	87.935	318.484	623.721	268.204
3910.843	306.965	3.713	15.157	26.253	87.515	318.414	623.247	268.158
3916.843	306.98	3.684	15.18	26.293	87.062	318.341	622.771	268.113
3922.857	306.995	3.653	15.203	26.332	86.57	318.262	622.296	268.068
3928.871	307.01	3.621	15.226	26.372	86.038	318.178	621.82	268.022
3934.9	307.025	3.587	15.248	26.41	85.454	318.088	621.344	267.977
3940.943	307.041	3.553	15.27	26.448	84.878	318.0	620.867	267.931
3947.0	307.056	3.519	15.291	26.486	84.287	317.909	620.389	267.885
3953.071	307.071	3.485	15.314	26.524	83.709	317.821	619.909	267.839
3959.157	307.086	3.451	15.335	26.561	83.114	317.732	619.429	267.793
3965.229	307.101	3.416	15.356	26.597	82.491	317.639	618.949	267.747
3971.3	307.117	3.38	15.376	26.632	81.862	317.546	618.471	267.701
3977.357	307.132	3.347	15.395	26.665	81.277	317.459	617.994	267.656
3983.414	307.147	3.316	15.414	26.698	80.75	317.38	617.517	267.61
3989.486	307.162	3.287	15.433	26.73	80.25	317.305	617.04	267.564
3995.571	307.177	3.257	15.451	26.761	79.735	317.228	616.561	267.518
4001.686	307.193	3.227	15.468	26.791	79.235	317.154	616.081	267.472
4007.814	307.208	3.2	15.484	26.82	78.782	317.085	615.6	267.425
4013.943	307.223	3.174	15.5	26.847	78.349	317.02	615.12	267.379
4020.071	307.239	3.146	15.514	26.872	77.869	316.95	614.639	267.332
4026.214	307.254	3.115	15.528	26.895	77.329	316.872	614.157	267.286
4032.386	307.27	3.084	15.541	26.917	76.76	316.79	613.674	267.239
4038.586	307.285	3.051	15.553	26.938	76.174	316.708	613.19	267.192
4044.814	307.301	3.018	15.564	26.958	75.554	316.621	612.703	267.145
4051.086	307.316	2.985	15.574	26.975	74.944	316.536	612.213	267.098
4057.371	307.332	2.954	15.584	26.992	74.361	316.454	611.72	267.05
4063.671	307.348	2.922	15.591	27.005	73.771	316.373	611.227	267.002
4069.986	307.364	2.89	15.599	27.018	73.169	316.29	610.736	266.955
4076.314	307.38	2.858	15.605	27.029	72.576	316.209	610.243	266.907
4082.657	307.396	2.828	15.61	27.037	72.027	316.133	609.749	266.859
4089.014	307.412	2.801	15.615	27.046	71.532	316.065	609.254	266.811
4095.4	307.428	2.773	15.619	27.053	71.016	315.995	608.759	266.763
4101.786	307.444	2.742	15.622	27.058	70.431	315.916	608.261	266.714
4108.171	307.46	2.709	15.625	27.063	69.8	315.833	607.766	266.666
4114.571	307.476	2.676	15.626	27.066	69.139	315.746	607.27	266.618
4120.971	307.492	2.643	15.628	27.068	68.495	315.662	606.773	266.569
4127.386	307.508	2.611	15.629	27.071	67.858	315.579	606.276	266.521
4133.8	307.524	2.578	15.629	27.071	67.199	315.494	605.777	266.472
4140.229	307.54	2.546	15.629	27.071	66.561	315.412	605.28	266.423
4146.657	307.556	2.516	15.629	27.069	65.954	315.334	604.781	266.375
4153.071	307.572	2.486	15.628	27.068	65.379	315.26	604.284	266.326
4159.486	307.588	2.459	15.626	27.066	64.853	315.193	603.789	266.277
4165.871	307.604	2.436	15.625	27.063	64.431	315.138	603.294	266.229
4172.243	307.62	2.416	15.623	27.06	64.091	315.094	602.801	266.181
4178.614	307.636	2.395	15.621	27.056	63.708	315.044	602.31	266.132
4184.957	307.652	2.368	15.619	27.052	63.181	314.979	601.821	266.084
4191.286	307.668	2.338	15.616	27.048	62.561	314.902	601.333	266.036
4197.614	307.684	2.306	15.614	27.045	61.882	314.819	600.846	265.988
4203.929	307.7	2.275	15.612	27.041	61.22	314.739	600.359	265.94
4210.229	307.716	2.245	15.61	27.037	60.595	314.663	599.873	265.893
4216.543	307.731	2.217	15.608	27.034	60.03	314.595	599.387	265.845
4222.857	307.747	2.193	15.606	27.03	59.547	314.537	598.903	265.797
4229.186	307.763	2.171	15.604	27.026	59.113	314.484	598.416	265.749
4235.529	307.779	2.149	15.601	27.022	58.699	314.435	597.929	265.701
4241.9	307.795	2.128	15.599	27.019	58.272	314.384	597.441	265.653
4248.271	307.811	2.105	15.597	27.015	57.831	314.332	596.953	265.604
4254.629	307.827	2.082	15.595	27.011	57.346	314.275	596.466	265.556
4261.0	307.843	2.058	15.593	27.008	56.85	314.217	595.979	265.508
4267.357	307.859	2.034	15.591	27.005	56.364	314.161	595.493	265.46
4273.714	307.875	2.012	15.59	27.003	55.913	314.109	595.007	265.412
4280.057	307.891	1.99	15.589	27.0	55.467	314.058	594.523	265.364
4286.4	307.907	1.968	15.587	26.998	55.025	314.008	594.039	265.316
4292.743	307.923	1.948	15.586	26.996	54.603	313.96	593.556	265.268
4299.057	307.939	1.927	15.586	26.995	54.177	313.912	593.074	265.22
4305.357	307.954	1.906	15.585	26.994	53.742	313.863	592.594	265.172
4311.629	307.97	1.885	15.585	26.994	53.318	313.816	592.117	265.124
4317.871	307.986	1.865	15.585	26.994	52.907	313.771	591.641	265.077
4324.1	308.001	1.846	15.585	26.994	52.521	313.728	591.169	265.03
4330.3	308.017	1.829	15.586	26.995	52.178	313.691	590.699	264.983
4336.486	308.033	1.812	15.586	26.996	51.836	313.654	590.23	264.936
4342.657	308.048	1.795	15.588	26.999	51.506	313.619	589.761	264.89
4348.8	308.063	1.779	15.589	27.0	51.183	313.584	589.294	264.843
4354.929	308.079	1.764	15.59	27.003	50.894	313.554	588.829	264.796
4361.043	308.094	1.75	15.591	27.005	50.641	313.527	588.366	264.75
4367.143	308.11	1.738	15.594	27.009	50.44	313.507	587.904	264.704
4373.243	308.125	1.728	15.596	27.014	50.295	313.492	587.443	264.657
4379.357	308.14	1.719	15.599	27.019	50.158	313.479	586.98	264.611
4385.486	308.156	1.71	15.603	27.025	50.055	313.469	586.517	264.565
4391.614	308.171	1.704	15.606	27.03	50.001	313.465	586.054	264.518
4397.757	308.187	1.701	15.609	27.036	50.056	313.472	585.591	264.472
4403.9	308.202	1.7	15.613	27.042	50.171	313.486	585.129	264.425
4410.057	308.217	1.698	15.617	27.05	50.262	313.497	584.664	264.378
4416.214	308.233	1.694	15.621	27.057	50.296	313.502	584.201	264.332
4422.357	308.248	1.692	15.626	27.065	50.363	313.51	583.74	264.285
4428.5	308.264	1.694	15.63	27.072	50.595	313.536	583.277	264.239
4434.629	308.279	1.702	15.634	27.079	50.956	313.575	582.817	264.192
4440.729	308.295	1.709	15.639	27.087	51.319	313.615	582.359	264.146
4446.814	308.31	1.714	15.643	27.094	51.628	313.648	581.903	264.1
4452.886	308.325	1.719	15.647	27.102	51.922	313.68	581.449	264.054
4458.929	308.34	1.725	15.651	27.109	52.237	313.714	580.996	264.008
4464.957	308.355	1.73	15.655	27.115	52.541	313.746	580.544	263.963
4470.957	308.371	1.734	15.658	27.12	52.8	313.774	580.094	263.917
4476.929	308.386	1.737	15.66	27.124	53.066	313.803	579.646	263.872
4482.871	308.4	1.741	15.661	27.126	53.331	313.831	579.201	263.826
4488.786	308.415	1.744	15.662	27.128	53.561	313.855	578.76	263.782
4494.686	308.43	1.748	15.662	27.128	53.842	313.885	578.32	263.737
4500.571	308.445	1.756	15.661	27.126	54.232	313.925	577.881	263.693
4506.457	308.46	1.765	15.66	27.124	54.666	313.97	577.441	263.648
4512.343	308.475	1.772	15.657	27.119	55.018	314.007	577.001	263.603
4518.243	308.489	1.774	15.654	27.113	55.245	314.03	576.561	263.558
4524.143	308.504	1.774	15.649	27.105	55.402	314.047	576.121	263.513
4530.043	308.519	1.777	15.644	27.095	55.63	314.07	575.681	263.468
4535.943	308.534	1.781	15.637	27.084	55.936	314.101	575.241	263.424
4541.857	308.549	1.786	15.629	27.071	56.253	314.133	574.801	263.379
4547.771	308.564	1.791	15.62	27.055	56.567	314.165	574.361	263.334
4553.686	308.579	1.795	15.609	27.036	56.853	314.194	573.921	263.289
4559.6	308.594	1.799	15.597	27.015	57.113	314.22	573.481	263.244
4565.514	308.608	1.801	15.584	26.993	57.364	314.245	573.043	263.199
4571.414	308.623	1.804	15.57	26.968	57.597	314.269	572.604	263.154
4577.286	308.638	1.805	15.555	26.942	57.793	314.288	572.169	263.109
4583.157	308.653	1.805	15.539	26.915	57.943	314.303	571.734	263.065
4589.029	308.668	1.803	15.522	26.885	58.07	314.316	571.299	263.02
4594.9	308.682	1.802	15.504	26.853	58.197	314.329	570.863	262.975
4600.771	308.697	1.802	15.485	26.821	58.342	314.343	570.429	262.931
4606.643	308.712	1.802	15.465	26.786	58.5	314.358	569.994	262.886
4612.514	308.727	1.802	15.444	26.75	58.664	314.375	569.56	262.841
4618.4	308.742	1.801	15.423	26.713	58.804	314.388	569.127	262.797
4624.271	308.756	1.799	15.401	26.675	58.912	314.399	568.694	262.752
4630.157	308.771	1.796	15.378	26.635	58.951	314.403	568.26	262.707
4636.071	308.786	1.791	15.355	26.596	58.965	314.404	567.824	262.663
4642.0	308.801	1.786	15.331	26.555	58.979	314.406	567.389	262.618
4647.957	308.816	1.781	15.308	26.514	58.985	314.407	566.95	262.572
4653.943	308.831	1.776	15.284	26.473	58.964	314.405	566.51	262.527
4659.957	308.846	1.77	15.26	26.431	58.946	314.404	566.067	262.481
4666.0	308.861	1.766	15.235	26.388	58.974	314.407	565.621	262.435
4672.1	308.877	1.763	15.21	26.344	59.054	314.415	565.174	262.389
4678.257	308.892	1.762	15.185	26.301	59.174	314.427	564.723	262.342
4684.443	308.908	1.761	15.16	26.258	59.324	314.441	564.267	262.295
4690.686	308.924	1.76	15.134	26.213	59.465	314.455	563.809	262.247
4696.971	308.939	1.759	15.109	26.169	59.603	314.468	563.347	262.199
4703.3	308.955	1.757	15.083	26.124	59.743	314.481	562.883	262.151
4709.686	308.971	1.757	15.057	26.08	59.911	314.497	562.416	262.102
4716.1	308.988	1.757	15.031	26.034	60.105	314.516	561.946	262.053
4722.557	309.004	1.757	15.004	25.988	60.302	314.534	561.473	262.004
4729.043	309.02	1.758	14.978	25.942	60.511	314.554	560.999	261.955
4735.557	309.037	1.759	14.95	25.894	60.716	314.573	560.523	261.905
4742.1	309.053	1.759	14.922	25.846	60.912	314.592	560.047	261.855
4748.671	309.07	1.759	14.894	25.798	61.105	314.61	559.569	261.805
4755.271	309.086	1.759	14.865	25.747	61.311	314.629	559.087	261.755
4761.9	309.103	1.759	14.835	25.695	61.519	314.648	558.604	261.705
4768.543	309.12	1.759	14.804	25.642	61.716	314.666	558.121	261.654
4775.2	309.137	1.759	14.773	25.587	61.903	314.683	557.637	261.603
4781.871	309.153	1.758	14.74	25.53	62.073	314.699	557.154	261.553
4788.529	309.17	1.757	14.706	25.472	62.232	314.714	556.671	261.502
4795.171	309.187	1.756	14.671	25.412	62.397	314.729	556.189	261.452
4801.8	309.204	1.756	14.635	25.349	62.586	314.746	555.707	261.401
4808.386	309.22	1.756	14.598	25.284	62.787	314.764	555.23	261.351
4814.929	309.237	1.755	14.559	25.217	62.967	314.78	554.756	261.301
4821.457	309.253	1.753	14.521	25.151	63.06	314.789	554.284	261.251
4827.943	309.27	1.746	14.481	25.081	63.037	314.787	553.814	261.202
4834.414	309.286	1.739	14.44	25.011	62.98	314.782	553.347	261.153
4840.871	309.302	1.734	14.399	24.939	62.963	314.781	552.881	261.103
4847.314	309.318	1.729	14.356	24.866	62.983	314.783	552.416	261.054
4853.757	309.335	1.72	14.314	24.792	62.879	314.774	551.95	261.005
4860.186	309.351	1.707	14.271	24.718	62.565	314.748	551.487	260.956
4866.614	309.367	1.689	14.228	24.643	62.122	314.71	551.024	260.907
4873.043	309.383	1.671	14.185	24.569	61.651	314.67	550.56	260.858
4879.471	309.4	1.653	14.142	24.495	61.176	314.63	550.096	260.809
4885.914	309.416	1.635	14.099	24.421	60.691	314.589	549.631	260.76
4892.371	309.432	1.617	14.056	24.346	60.232	314.551	549.167	260.71
4898.829	309.448	1.602	14.015	24.275	59.865	314.521	548.701	260.661
4905.286	309.465	1.59	13.974	24.204	59.589	314.499	548.237	260.611
4911.714	309.481	1.578	13.935	24.136	59.341	314.479	547.774	260.562
4918.1	309.497	1.569	13.896	24.069	59.168	314.466	547.316	260.513
4924.443	309.513	1.562	13.859	24.005	59.098	314.462	546.86	260.465
4930.757	309.529	1.554	13.824	23.943	58.961	314.452	546.407	260.417
4937.043	309.545	1.541	13.789	23.884	58.652	314.428	545.956	260.368
4943.3	309.561	1.526	13.756	23.827	58.242	314.396	545.507	260.321
4949.529	309.576	1.512	13.726	23.774	57.892	314.368	545.061	260.273
4955.729	309.592	1.501	13.696	23.723	57.648	314.35	544.617	260.225
4961.9	309.608	1.491	13.669	23.675	57.45	314.336	544.176	260.178
4968.043	309.623	1.481	13.642	23.629	57.245	314.321	543.737	260.131
4974.157	309.639	1.472	13.617	23.586	57.042	314.307	543.3	260.084
4980.243	309.654	1.463	13.594	23.546	56.891	314.297	542.864	260.038
4989.133	309.676	1.379	13.59	23.539	53.867	314.051	542.18	259.963
4996.267	309.694	1.378	13.563	23.492	54.028	314.068	541.673	259.908
5003.133	309.712	1.38	13.533	23.44	54.266	314.091	541.187	259.856
5009.8	309.729	1.379	13.5	23.383	54.402	314.106	540.713	259.805
5016.333	309.745	1.375	13.467	23.325	54.442	314.113	540.253	259.756
5022.667	309.761	1.371	13.43	23.261	54.448	314.116	539.8	259.707
5028.867	309.777	1.368	13.393	23.198	54.506	314.124	539.36	259.66
5034.933	309.792	1.367	13.357	23.134	54.621	314.137	538.927	259.613
5040.8	309.807	1.37	13.317	23.065	54.88	314.16	538.507	259.567
5046.533	309.821	1.373	13.28	23.002	55.161	314.186	538.1	259.524
5052.067	309.835	1.38	13.247	22.944	55.588	314.222	537.707	259.481
5057.467	309.849	1.389	13.213	22.886	56.132	314.268	537.327	259.44
5062.733	309.862	1.402	13.183	22.834	56.795	314.323	536.953	259.4
5067.867	309.875	1.416	13.157	22.788	57.49	314.381	536.587	259.36
5073.0	309.888	1.431	13.133	22.748	58.242	314.442	536.227	259.321
5078.133	309.901	1.444	13.113	22.713	58.937	314.499	535.867	259.282
5083.2	309.914	1.454	13.1	22.69	59.48	314.544	535.507	259.243
5088.267	309.927	1.458	13.09	22.673	59.809	314.572	535.147	259.204
5093.2	309.939	1.462	13.087	22.667	60.106	314.596	534.793	259.165
5097.933	309.951	1.469	13.083	22.661	60.545	314.632	534.46	259.129
5102.533	309.963	1.479	13.087	22.667	61.098	314.677	534.14	259.094
5107.067	309.974	1.489	13.097	22.684	61.672	314.723	533.82	259.06
5111.467	309.985	1.496	13.107	22.701	62.091	314.757	533.507	259.025
5115.8	309.996	1.496	13.123	22.73	62.208	314.768	533.2	258.992
5120.133	310.007	1.492	13.143	22.765	62.168	314.766	532.9	258.96
5124.467	310.018	1.482	13.163	22.8	61.918	314.748	532.593	258.926
5128.8	310.029	1.473	13.187	22.84	61.662	314.73	532.287	258.893
5133.2	310.04	1.465	13.21	22.88	61.456	314.716	531.987	258.86
5137.533	310.051	1.461	13.233	22.921	61.433	314.716	531.68	258.827
5141.867	310.062	1.462	13.26	22.967	61.573	314.728	531.373	258.793
5146.133	310.073	1.473	13.287	23.013	62.176	314.775	531.073	258.76
5150.333	310.084	1.497	13.31	23.054	63.314	314.864	530.78	258.728
5154.467	310.094	1.529	13.333	23.094	64.836	314.981	530.493	258.697
5158.667	310.105	1.569	13.353	23.129	66.642	315.119	530.207	258.666
5162.933	310.116	1.612	13.377	23.169	68.621	315.27	529.907	258.633
5167.267	310.127	1.655	13.397	23.204	70.59	315.419	529.6	258.599
5171.6	310.138	1.697	13.413	23.233	72.569	315.568	529.293	258.566
5175.867	310.148	1.74	13.43	23.261	74.568	315.719	529.0	258.534
5180.0	311.1	1.787	13.443	23.285	71.916	316.82	528.713	259.287
5184.0	311.344	1.837	13.453	23.302	72.904	317.228	528.433	259.451
5187.867	311.595	1.889	13.467	23.325	73.899	317.649	528.167	259.623
5191.6	311.844	1.942	13.477	23.342	74.866	318.069	527.907	259.794
5195.267	312.094	1.991	13.487	23.36	75.671	318.48	527.647	259.965
5198.933	312.351	2.039	13.5	23.383	76.341	318.893	527.393	260.143
5202.467	312.59	2.084	13.51	23.4	76.946	319.279	527.147	260.308
5206.0	312.783	2.119	13.523	23.423	77.421	319.587	526.9	260.434
5209.533	312.926	2.143	13.54	23.452	77.7	319.807	526.66	260.519
5213.133	313.041	2.162	13.557	23.481	78.0	319.986	526.407	260.578
5216.667	313.13	2.175	13.577	23.515	78.186	320.119	526.16	260.618
5220.2	313.195	2.182	13.597	23.55	78.25	320.205	525.92	260.638
5223.733	313.243	2.186	13.62	23.591	78.314	320.267	525.68	260.644
5227.267	313.284	2.188	13.647	23.637	78.378	320.318	525.44	260.644
5230.933	313.327	2.193	13.68	23.694	78.505	320.377	525.187	260.644
5234.8	313.38	2.199	13.717	23.758	78.631	320.45	524.92	260.65
5238.733	313.427	2.202	13.757	23.827	78.694	320.507	524.647	260.65
5242.8	313.473	2.205	13.8	23.902	78.756	320.564	524.373	260.65
5246.933	313.521	2.206	13.847	23.983	78.757	320.616	524.093	260.65
5251.067	313.578	2.208	13.9	24.076	78.757	320.682	523.807	260.657
5255.267	313.627	2.209	13.953	24.168	78.758	320.736	523.52	260.656
5259.533	313.669	2.209	14.013	24.272	78.758	320.78	523.227	260.65
5263.8	313.71	2.209	14.073	24.376	78.758	320.822	522.94	260.643
5268.067	313.752	2.211	14.137	24.485	78.82	320.871	522.647	260.636
5272.267	313.777	2.209	14.203	24.601	78.819	320.89	522.36	260.616
5276.467	313.803	2.206	14.27	24.716	78.817	320.908	522.073	260.596
5280.667	313.829	2.206	14.34	24.838	78.879	320.934	521.78	260.576
5284.867	313.846	2.204	14.41	24.959	78.94	320.946	521.493	260.55
5289.067	313.863	2.202	14.48	25.08	79.001	320.958	521.207	260.523
5293.267	313.881	2.2	14.55	25.201	79.062	320.971	520.92	260.496
5297.4	313.897	2.198	14.62	25.323	79.123	320.982	520.64	260.47
5301.6	313.914	2.197	14.69	25.444	79.184	320.994	520.353	260.443
5305.8	313.933	2.195	14.757	25.559	79.246	321.008	520.06	260.417
5310.0	313.95	2.191	14.82	25.669	79.245	321.015	519.773	260.39
5314.2	313.966	2.188	14.88	25.773	79.244	321.021	519.493	260.363
5318.333	313.983	2.184	14.94	25.877	79.243	321.027	519.213	260.337
5322.467	314.007	2.183	14.993	25.969	79.304	321.05	518.933	260.317
5326.6	314.031	2.183	15.043	26.056	79.366	321.073	518.653	260.297
5330.733	314.048	2.179	15.09	26.137	79.364	321.079	518.373	260.27
5334.867	314.072	2.177	15.133	26.212	79.362	321.097	518.093	260.25
5339.0	314.097	2.174	15.173	26.281	79.361	321.115	517.813	260.23
5343.133	314.113	2.171	15.207	26.339	79.359	321.121	517.533	260.204
5347.267	314.138	2.168	15.233	26.385	79.358	321.139	517.253	260.184
5351.4	314.162	2.166	15.257	26.425	79.357	321.156	516.973	260.164
5355.467	314.187	2.164	15.273	26.454	79.355	321.174	516.693	260.144
5359.533	314.204	2.16	15.287	26.477	79.353	321.18	516.413	260.117
5363.533	314.226	2.158	15.293	26.489	79.352	321.196	516.147	260.098
5367.467	314.248	2.155	15.297	26.495	79.351	321.211	515.88	260.078
5371.4	314.27	2.155	15.3	26.5	79.413	321.232	515.613	260.058
5375.333	314.293	2.154	15.3	26.5	79.475	321.253	515.347	260.038
5379.2	314.314	2.155	15.297	26.495	79.6	321.279	515.087	260.017
5383.067	314.335	2.154	15.293	26.489	79.661	321.298	514.827	259.997
5387.0	314.349	2.152	15.29	26.483	79.721	321.307	514.56	259.971
5390.933	314.372	2.151	15.287	26.477	79.782	321.329	514.293	259.951
5394.867	314.393	2.151	15.283	26.472	79.844	321.348	514.033	259.931
5398.867	314.407	2.149	15.283	26.472	79.905	321.358	513.767	259.904
5402.867	314.43	2.148	15.287	26.477	79.966	321.379	513.5	259.884
5406.933	314.446	2.145	15.297	26.495	79.966	321.384	513.227	259.858
5411.0	314.461	2.141	15.31	26.518	79.965	321.389	512.953	259.831
5415.067	314.477	2.138	15.33	26.552	79.964	321.395	512.68	259.805
5419.2	314.501	2.134	15.353	26.593	79.901	321.406	512.407	259.785
5423.333	314.526	2.13	15.387	26.65	79.838	321.42	512.127	259.765
5427.533	314.543	2.124	15.423	26.714	79.775	321.421	511.847	259.738
5431.8	314.562	2.119	15.467	26.789	79.712	321.424	511.56	259.712
5436.067	314.58	2.114	15.517	26.876	79.648	321.427	511.273	259.685
5440.467	314.591	2.106	15.573	26.974	79.52	321.414	510.98	259.652
5444.867	314.603	2.099	15.633	27.078	79.392	321.401	510.687	259.619
5449.2	314.623	2.092	15.7	27.193	79.264	321.4	510.393	259.593
5453.533	314.634	2.084	15.77	27.314	79.135	321.387	510.1	259.56
5463.333	314.69	2.074	15.882	27.508	79.009	321.413	509.42	259.507
5490.133	314.816	2.053	16.059	27.814	78.934	321.477	507.627	259.349
5587.467	315.206	1.988	16.318	28.264	79.103	321.675	501.587	258.784
5850.8	316.337	1.815	17.374	30.092	79.567	322.297	484.86	257.206
6200.8	317.682	1.597	18.033	31.235	80.51	322.987	463.6	255.01
6814.6	319.68	1.264	19.547	33.857	83.897	323.967	428.6	250.92
7548.6	321.84	0.804	20.37	35.282	77.899	324.638	388.6	245.639
8351.6	324.04	0.468	21.039	36.441	73.219	325.72	346.8	239.402
9061.4	325.58	0.25	21.502	37.242	63.356	326.503	313.0	233.591
9761.2	326.9	0.17	21.759	37.688	75.073	327.547	280.8	227.371
10245.0	327.58	0.104	20.988	36.351	69.454	327.984	260.6	223.033
10635.6	328.08	0.068	20.679	35.817	64.856	328.349	245.0	219.467
10969.0	328.54	0.044	20.525	35.55	57.179	328.717	232.4	216.482
11249.0	329.24	0.034	20.576	35.639	55.981	329.378	222.4	214.233
11585.6	330.9	0.024	21.09	36.53	49.244	330.999	211.0	212.099
11880.4	332.76	0.018	21.811	37.777	43.893	332.835	201.2	210.411
12178.8	336.02	0.014	22.016	38.133	36.561	336.079	191.6	209.524
12457.0	342.04	0.01	21.399	37.064	21.933	342.083	183.0	210.496
12677.0	348.8	0.008	20.37	35.282	13.176	348.835	176.4	212.414
12821.8	356.12	0.008	18.518	32.075	8.76	356.155	172.4	215.454
13016.4	363.6	0.008	15.792	27.353	6.165	363.635	167.2	218.062
13205.4	369.82	0.008	13.374	23.165	4.772	369.856	162.4	219.954
13411.0	373.3	0.01	10.905	18.888	5.718	373.345	157.4	220.048
13662.8	375.86	0.008	8.179	14.166	4.921	375.896	151.4	219.109
13884.6	376.94	0.006	5.967	10.335	4.301	376.967	146.2	217.554
14125.8	377.94	0.004	5.144	8.91	3.428	377.959	140.8	215.797
14334.8	378.7	0.002	4.784	8.286	2.028	378.709	136.2	214.188
14523.2	380.14	0.0	5.658	9.801	0.0	380.14	132.2	213.178
14719.8	382.78	0.0	7.459	12.919	0.0	382.78	128.2	212.781
14939.2	386.14	0.0	9.414	16.305	0.0	386.14	123.8	212.517
15174.6	392.38	0.0	11.317	19.601	0.0	392.38	119.4	213.729
15473.6	401.22	0.0	12.243	21.205	0.0	401.22	114.0	215.671
15813.0	411.34	0.0	11.934	20.67	0.0	411.34	108.2	217.835
16095.8	420.2	0.0	11.111	19.245	0.0	420.2	103.52	219.732
16425.6	429.0	0.0	9.876	17.107	0.0	429.0	98.32	221.053
16768.0	435.54	0.0	8.282	14.345	0.0	435.54	93.34	221.113
17044.6	440.34	0.0	7.51	13.008	0.0	440.34	89.46	220.854
17251.0	443.12	0.0	7.407	12.83	0.0	443.12	86.66	220.237
17517.2	446.88	0.0	7.253	12.563	0.0	446.88	83.14	219.488
17773.2	451.12	0.0	7.15	12.384	0.0	451.12	79.94	219.099
17960.4	455.08	0.0	6.944	12.028	0.0	455.08	77.72	219.25
18158.0	458.58	0.0	6.79	11.761	0.0	458.58	75.4	219.03
18370.2	462.48	0.0	6.842	11.85	0.0	462.48	72.94	218.809
18648.2	466.34	0.0	8.025	13.899	0.0	466.34	69.94	218.002
18880.2	469.22	0.0	9.208	15.948	0.0	469.22	67.52	217.151
19206.0	474.96	0.0	9.259	16.037	0.0	474.96	64.32	216.778
19585.0	482.24	0.0	9.414	16.305	0.0	482.24	60.72	216.506
19964.6	489.66	0.0	9.105	15.77	0.0	489.66	57.18	216.095
20256.8	497.38	0.0	7.819	13.543	0.0	497.38	54.64	216.669
20560.4	505.58	0.0	6.842	11.85	0.0	505.58	52.06	217.217
20761.4	510.84	0.0	6.79	11.761	0.0	510.84	50.46	217.527
21035.6	517.08	0.0	6.43	11.137	0.0	517.08	48.46	217.654
21347.8	523.94	0.0	5.916	10.246	0.0	523.94	46.26	217.632
21649.0	530.1	0.0	5.195	8.999	0.0	530.1	44.2	217.342
21973.4	536.78	0.0	4.784	8.286	0.0	536.78	42.06	216.98
22281.2	543.26	0.0	4.578	7.93	0.0	543.26	40.06	216.563
22516.4	549.16	0.0	4.527	7.841	0.0	549.16	38.66	216.7
22726.4	554.98	0.0	4.63	8.019	0.0	554.98	37.46	217.031
22982.4	562.76	0.0	4.064	7.039	0.0	562.76	36.06	217.691
23222.2	570.76	0.0	3.601	6.237	0.0	570.76	34.8	218.552
23494.6	579.88	0.0	3.549	6.148	0.0	579.88	33.4	219.453
23739.4	588.16	0.0	3.755	6.504	0.0	588.16	32.2	220.27
23992.8	596.8	0.0	3.755	6.504	0.0	596.8	31.0	221.093
24186.6	603.46	0.0	4.527	7.841	0.0	603.46	30.12	221.727
24367.8	609.18	0.0	4.732	8.197	0.0	609.18	29.32	222.113
24555.6	614.26	0.0	4.527	7.841	0.0	614.26	28.52	222.201
24804.2	619.6	0.0	3.858	6.682	0.0	619.6	27.52	221.858
25034.2	623.8	0.0	3.601	6.237	0.0	623.8	26.62	221.249
25273.6	628.54	0.0	3.241	5.613	0.0	628.54	25.7	220.7
25543.0	635.32	0.0	3.241	5.613	0.0	635.32	24.7	220.564
25824.2	643.96	0.0	3.652	6.326	0.0	643.96	23.7	220.938
26066.0	653.14	0.0	4.012	6.95	0.0	653.14	22.9	221.899
26349.4	664.32	0.002	3.961	6.86	0.111	664.336	22.0	223.125
26677.6	676.98	0.004	4.167	7.217	0.184	677.012	21.0	224.373
27024.8	690.0	0.006	4.218	7.306	0.231	690.049	20.0	225.521
27393.4	703.46	0.008	3.858	6.682	0.26	703.526	19.0	226.574
