Height	Theta	w	u	v	RH	theta_e	P	T
82.8	294.869	11.894	-5.0	18.0	74.974	328.169	989.6	293.989
86.933	294.879	11.872	-4.98	18.02	74.934	328.116	989.133	293.96
91.0	294.889	11.863	-4.96	18.04	74.99	328.107	988.66	293.929
95.067	294.899	11.85	-4.939	18.061	75.009	328.081	988.193	293.899
99.133	294.909	11.821	-4.919	18.081	74.929	328.01	987.733	293.87
103.2	294.918	11.807	-4.899	18.101	74.945	327.983	987.267	293.84
107.267	294.928	11.793	-4.879	18.121	74.962	327.956	986.8	293.81
111.4	294.938	11.784	-4.859	18.141	75.011	327.944	986.327	293.78
115.667	294.948	11.77	-4.838	18.162	75.033	327.918	985.84	293.748
120.067	294.959	11.751	-4.816	18.184	75.03	327.879	985.333	293.716
124.6	294.97	11.738	-4.794	18.206	75.064	327.855	984.807	293.682
129.267	294.981	11.725	-4.771	18.229	75.101	327.832	984.273	293.647
134.0	294.992	11.716	-4.747	18.253	75.17	327.825	983.733	293.613
138.867	295.004	11.713	-4.723	18.277	75.273	327.832	983.187	293.578
143.933	295.016	11.71	-4.698	18.302	75.382	327.841	982.62	293.541
149.133	295.029	11.712	-4.673	18.327	75.535	327.866	982.02	293.503
154.533	295.042	11.705	-4.646	18.354	75.63	327.863	981.4	293.463
160.067	295.055	11.692	-4.619	18.381	75.693	327.846	980.773	293.422
165.733	295.069	11.68	-4.591	18.409	75.76	327.831	980.14	293.382
171.467	295.083	11.683	-4.563	18.437	75.927	327.859	979.493	293.34
177.2	295.096	11.676	-4.534	18.466	76.033	327.859	978.84	293.298
182.867	295.11	11.664	-4.506	18.494	76.105	327.843	978.193	293.256
222.929	295.206	11.64	-4.309	18.691	76.982	327.913	973.74	292.969
228.157	295.219	11.627	-4.283	18.717	77.038	327.894	973.151	292.931
233.386	295.232	11.617	-4.257	18.743	77.107	327.881	972.561	292.893
238.643	295.244	11.608	-4.231	18.769	77.19	327.874	971.971	292.855
243.914	295.257	11.597	-4.205	18.795	77.258	327.861	971.38	292.816
249.186	295.27	11.588	-4.179	18.821	77.335	327.851	970.786	292.778
254.471	295.282	11.578	-4.153	18.847	77.412	327.841	970.191	292.739
259.757	295.295	11.569	-4.127	18.873	77.496	327.834	969.599	292.701
265.057	295.308	11.561	-4.101	18.899	77.581	327.827	969.004	292.662
270.371	295.321	11.553	-4.075	18.925	77.672	327.823	968.409	292.623
275.714	295.334	11.545	-4.048	18.952	77.765	327.819	967.809	292.584
281.086	295.346	11.538	-4.022	18.978	77.858	327.816	967.207	292.545
286.471	295.359	11.531	-3.995	19.005	77.96	327.815	966.603	292.505
291.886	295.373	11.524	-3.969	19.031	78.055	327.812	965.999	292.466
297.314	295.386	11.517	-3.942	19.058	78.159	327.812	965.391	292.426
302.771	295.399	11.51	-3.915	19.085	78.257	327.81	964.779	292.386
308.257	295.412	11.502	-3.888	19.112	78.35	327.804	964.163	292.346
313.771	295.425	11.491	-3.861	19.139	78.428	327.792	963.547	292.306
319.329	295.439	11.485	-3.833	19.167	78.535	327.793	962.929	292.265
324.9	295.452	11.478	-3.806	19.194	78.645	327.794	962.306	292.225
330.5	295.466	11.47	-3.778	19.222	78.741	327.788	961.68	292.184
336.114	295.479	11.463	-3.75	19.25	78.851	327.789	961.053	292.143
341.729	295.493	11.457	-3.723	19.277	78.961	327.79	960.427	292.102
347.343	295.506	11.452	-3.695	19.305	79.078	327.793	959.801	292.061
352.943	295.52	11.445	-3.667	19.333	79.187	327.794	959.179	292.02
358.557	295.533	11.439	-3.64	19.36	79.297	327.795	958.556	291.979
364.171	295.547	11.432	-3.612	19.388	79.408	327.795	957.931	291.938
369.786	295.56	11.426	-3.584	19.416	79.519	327.796	957.306	291.897
375.4	295.574	11.418	-3.557	19.443	79.622	327.793	956.683	291.856
380.986	295.587	11.411	-3.529	19.471	79.726	327.791	956.061	291.815
386.571	295.601	11.404	-3.501	19.499	79.834	327.791	955.443	291.774
392.157	295.614	11.397	-3.474	19.526	79.943	327.79	954.824	291.733
397.757	295.628	11.39	-3.446	19.554	80.045	327.787	954.204	291.693
403.357	295.641	11.385	-3.419	19.581	80.17	327.793	953.581	291.651
408.971	295.655	11.376	-3.391	19.609	80.266	327.787	952.959	291.61
414.586	295.668	11.369	-3.363	19.637	80.37	327.784	952.337	291.569
420.214	295.682	11.362	-3.335	19.665	80.482	327.784	951.716	291.528
425.843	295.695	11.353	-3.308	19.692	80.573	327.775	951.091	291.487
431.471	295.709	11.343	-3.28	19.72	80.663	327.767	950.469	291.446
437.071	295.722	11.332	-3.252	19.748	80.746	327.754	949.849	291.405
442.657	295.736	11.32	-3.225	19.775	80.82	327.739	949.233	291.364
448.229	295.749	11.31	-3.197	19.803	80.901	327.727	948.619	291.323
453.786	295.763	11.3	-3.17	19.83	80.988	327.717	948.006	291.283
459.314	295.776	11.291	-3.143	19.857	81.083	327.71	947.393	291.242
464.843	295.789	11.283	-3.115	19.885	81.182	327.706	946.784	291.202
470.357	295.803	11.276	-3.088	19.912	81.289	327.704	946.177	291.161
475.871	295.816	11.27	-3.061	19.939	81.403	327.705	945.57	291.121
481.386	295.829	11.264	-3.034	19.966	81.517	327.707	944.963	291.081
486.886	295.843	11.257	-3.007	19.993	81.625	327.705	944.356	291.04
492.386	295.856	11.248	-2.979	20.021	81.723	327.7	943.75	291.0
497.871	295.869	11.243	-2.952	20.048	81.842	327.703	943.147	290.96
503.357	295.882	11.237	-2.925	20.075	81.954	327.704	942.546	290.92
508.843	295.896	11.232	-2.898	20.102	82.079	327.709	941.944	290.88
514.357	295.909	11.227	-2.871	20.129	82.196	327.712	941.341	290.84
519.886	295.922	11.222	-2.844	20.156	82.322	327.717	940.734	290.799
525.443	295.936	11.218	-2.816	20.184	82.456	327.725	940.124	290.758
531.029	295.949	11.213	-2.789	20.211	82.583	327.731	939.514	290.718
536.629	295.963	11.207	-2.761	20.239	82.703	327.733	938.901	290.677
542.257	295.976	11.202	-2.733	20.267	82.825	327.736	938.286	290.635
547.914	295.99	11.195	-2.705	20.295	82.941	327.735	937.667	290.594
553.6	296.004	11.192	-2.677	20.323	83.085	327.747	937.047	290.553
559.3	296.017	11.188	-2.649	20.351	83.224	327.755	936.424	290.511
565.014	296.031	11.183	-2.621	20.379	83.355	327.76	935.801	290.469
570.729	296.045	11.179	-2.593	20.407	83.495	327.769	935.177	290.427
576.457	296.059	11.174	-2.565	20.435	83.627	327.774	934.553	290.385
582.186	296.073	11.17	-2.536	20.464	83.765	327.782	933.927	290.343
587.929	296.086	11.168	-2.508	20.492	83.917	327.794	933.301	290.301
593.686	296.1	11.163	-2.48	20.52	84.054	327.801	932.676	290.259
599.471	296.114	11.161	-2.451	20.549	84.212	327.816	932.049	290.217
605.271	296.128	11.158	-2.422	20.578	84.364	327.828	931.419	290.175
611.114	296.142	11.157	-2.394	20.606	84.525	327.843	930.784	290.132
616.986	296.157	11.154	-2.365	20.635	84.681	327.856	930.146	290.089
622.886	296.171	11.15	-2.336	20.664	84.831	327.866	929.504	290.046
628.8	296.185	11.145	-2.306	20.694	84.966	327.87	928.863	290.003
634.7	296.199	11.139	-2.277	20.723	85.101	327.873	928.221	289.959
640.6	296.214	11.133	-2.248	20.752	85.235	327.877	927.584	289.916
646.471	296.228	11.129	-2.219	20.781	85.382	327.885	926.949	289.874
652.329	296.242	11.126	-2.19	20.81	85.536	327.897	926.314	289.831
658.171	296.256	11.122	-2.162	20.838	85.682	327.905	925.681	289.788
664.0	296.27	11.116	-2.133	20.867	85.814	327.907	925.05	289.745
669.814	296.284	11.111	-2.104	20.896	85.957	327.914	924.421	289.703
675.629	296.298	11.107	-2.075	20.925	86.101	327.921	923.791	289.66
681.457	296.312	11.104	-2.047	20.953	86.258	327.933	923.161	289.617
687.3	296.326	11.101	-2.018	20.982	86.417	327.945	922.529	289.574
693.157	296.341	11.099	-1.989	21.011	86.576	327.958	921.896	289.531
699.014	296.355	11.096	-1.96	21.04	86.735	327.97	921.264	289.488
704.871	296.369	11.093	-1.931	21.069	86.895	327.982	920.633	289.445
710.729	296.383	11.09	-1.902	21.098	87.054	327.994	920.003	289.403
716.557	296.397	11.085	-1.873	21.127	87.198	328.0	919.374	289.36
722.371	296.411	11.081	-1.845	21.155	87.35	328.009	918.747	289.317
728.171	296.425	11.078	-1.816	21.184	87.502	328.018	918.123	289.275
733.957	296.439	11.072	-1.788	21.212	87.637	328.021	917.501	289.232
739.729	296.453	11.068	-1.759	21.241	87.785	328.029	916.881	289.19
745.486	296.467	11.064	-1.731	21.269	87.933	328.037	916.263	289.148
751.257	296.481	11.059	-1.702	21.298	88.082	328.045	915.643	289.105
757.014	296.495	11.055	-1.674	21.326	88.231	328.052	915.024	289.063
762.786	296.509	11.05	-1.645	21.355	88.372	328.057	914.406	289.021
768.571	296.523	11.045	-1.617	21.383	88.513	328.062	913.787	288.979
774.386	296.537	11.039	-1.588	21.412	88.649	328.064	913.163	288.936
780.214	296.551	11.034	-1.559	21.441	88.794	328.069	912.537	288.893
786.043	296.565	11.027	-1.531	21.469	88.925	328.068	911.911	288.85
791.857	296.579	11.021	-1.502	21.498	89.063	328.071	911.289	288.807
797.643	296.593	11.016	-1.473	21.527	89.212	328.078	910.67	288.765
803.414	296.607	11.011	-1.445	21.555	89.354	328.082	910.054	288.723
809.157	296.621	11.006	-1.417	21.583	89.503	328.089	909.439	288.68
814.9	296.635	11.0	-1.388	21.612	89.638	328.09	908.826	288.638
820.643	296.649	10.993	-1.36	21.64	89.77	328.091	908.213	288.596
826.386	296.663	10.988	-1.332	21.668	89.91	328.094	907.6	288.554
832.143	296.677	10.982	-1.303	21.697	90.051	328.097	906.986	288.512
837.914	296.691	10.978	-1.275	21.725	90.201	328.104	906.371	288.469
843.714	296.705	10.972	-1.246	21.754	90.345	328.108	905.753	288.427
849.543	296.719	10.967	-1.217	21.783	90.49	328.112	905.131	288.384
855.4	296.733	10.959	-1.189	21.811	90.622	328.11	904.507	288.341
861.271	296.747	10.954	-1.16	21.84	90.767	328.114	903.883	288.298
867.157	296.761	10.946	-1.131	21.869	90.899	328.112	903.256	288.254
873.043	296.776	10.939	-1.101	21.899	91.031	328.11	902.629	288.211
878.929	296.79	10.931	-1.072	21.928	91.163	328.108	902.003	288.168
884.829	296.804	10.925	-1.043	21.957	91.308	328.111	901.377	288.124
890.743	296.819	10.919	-1.014	21.986	91.454	328.114	900.75	288.081
896.686	296.833	10.913	-0.985	22.015	91.602	328.117	900.12	288.037
902.629	296.847	10.906	-0.956	22.044	91.737	328.115	899.487	287.993
908.571	296.862	10.898	-0.926	22.074	91.871	328.113	898.857	287.949
914.486	296.876	10.89	-0.897	22.103	92.001	328.11	898.23	287.906
920.343	296.89	10.883	-0.868	22.132	92.139	328.109	897.609	287.863
926.157	296.904	10.875	-0.839	22.161	92.266	328.106	896.996	287.82
931.9	296.918	10.867	-0.811	22.189	92.391	328.102	896.39	287.778
937.6	296.932	10.86	-0.783	22.217	92.516	328.098	895.787	287.736
943.271	296.946	10.853	-0.755	22.245	92.647	328.097	895.189	287.694
948.9	296.959	10.846	-0.727	22.273	92.779	328.096	894.591	287.653
954.5	296.973	10.84	-0.7	22.3	92.917	328.098	894.001	287.612
960.057	296.986	10.831	-0.672	22.328	93.029	328.091	893.416	287.571
965.586	297.0	10.823	-0.645	22.355	93.149	328.086	892.833	287.53
971.1	297.013	10.816	-0.618	22.382	93.278	328.085	892.251	287.49
976.614	297.026	10.808	-0.591	22.409	93.398	328.081	891.671	287.449
982.114	297.04	10.802	-0.563	22.437	93.528	328.08	891.091	287.408
987.614	297.053	10.794	-0.536	22.464	93.65	328.076	890.514	287.368
993.114	297.066	10.785	-0.509	22.491	93.757	328.068	889.937	287.328
998.586	297.08	10.776	-0.482	22.518	93.866	328.059	889.36	287.287
1004.043	297.093	10.765	-0.455	22.545	93.958	328.045	888.786	287.247
1009.471	297.106	10.755	-0.428	22.572	94.058	328.034	888.216	287.207
1014.857	297.119	10.744	-0.402	22.598	94.147	328.02	887.651	287.168
1020.2	297.132	10.734	-0.375	22.625	94.242	328.008	887.093	287.128
1025.514	297.145	10.725	-0.349	22.651	94.345	328.0	886.539	287.09
1030.8	297.158	10.717	-0.323	22.677	94.457	327.994	885.984	287.051
1036.086	297.171	10.708	-0.297	22.703	94.56	327.985	885.431	287.012
1041.357	297.183	10.7	-0.271	22.729	94.673	327.979	884.877	286.973
1046.643	297.196	10.69	-0.245	22.755	94.771	327.969	884.324	286.934
1051.929	297.209	10.68	-0.219	22.781	94.869	327.958	883.771	286.895
1057.214	297.222	10.672	-0.193	22.807	94.977	327.95	883.219	286.856
1062.514	297.235	10.662	-0.167	22.833	95.076	327.94	882.666	286.817
1067.814	297.247	10.652	-0.141	22.859	95.17	327.928	882.111	286.778
1073.114	297.26	10.641	-0.114	22.886	95.264	327.915	881.559	286.739
1078.4	297.273	10.63	-0.088	22.912	95.341	327.898	881.009	286.7
1083.671	297.286	10.619	-0.062	22.938	95.428	327.883	880.46	286.661
1088.929	297.299	10.607	-0.036	22.964	95.506	327.866	879.911	286.623
1094.186	297.311	10.596	-0.01	22.99	95.594	327.851	879.363	286.584
1099.443	297.324	10.585	0.015	23.015	95.681	327.837	878.816	286.545
1104.7	297.337	10.575	0.041	23.041	95.778	327.825	878.267	286.506
1109.986	297.35	10.565	0.067	23.067	95.867	327.811	877.717	286.467
1115.286	297.363	10.554	0.094	23.094	95.956	327.797	877.167	286.428
1120.571	297.375	10.544	0.12	23.12	96.055	327.786	876.617	286.389
1125.871	297.388	10.533	0.146	23.146	96.144	327.772	876.067	286.35
1131.186	297.401	10.522	0.172	23.172	96.23	327.757	875.516	286.311
1136.514	297.414	10.511	0.198	23.198	96.315	327.741	874.964	286.272
1141.843	297.427	10.5	0.225	23.225	96.411	327.729	874.411	286.233
1147.186	297.44	10.489	0.251	23.251	96.499	327.713	873.857	286.193
1152.529	297.453	10.479	0.277	23.277	96.595	327.701	873.304	286.154
1157.857	297.466	10.468	0.304	23.304	96.683	327.686	872.751	286.115
1163.171	297.479	10.458	0.33	23.33	96.779	327.674	872.201	286.076
1168.471	297.492	10.448	0.356	23.356	96.874	327.661	871.654	286.037
1173.771	297.504	10.437	0.382	23.382	96.968	327.649	871.109	285.998
1179.057	297.517	10.426	0.408	23.408	97.054	327.633	870.561	285.959
1184.357	297.53	10.413	0.434	23.434	97.126	327.613	870.014	285.92
1189.657	297.543	10.4	0.46	23.46	97.189	327.59	869.469	285.881
1194.971	297.556	10.387	0.487	23.487	97.26	327.57	868.923	285.842
1200.286	297.586	10.376	0.513	23.513	97.238	327.573	868.374	285.82
1205.614	297.617	10.365	0.539	23.539	97.213	327.575	867.824	285.797
1210.943	297.648	10.353	0.566	23.566	97.186	327.576	867.276	285.775
1216.257	297.679	10.342	0.592	23.592	97.159	327.577	866.73	285.753
1221.571	297.709	10.33	0.618	23.618	97.132	327.579	866.183	285.731
1226.871	297.74	10.32	0.644	23.644	97.115	327.583	865.637	285.709
1232.157	297.77	10.309	0.67	23.67	97.097	327.587	865.093	285.687
1237.429	297.801	10.3	0.696	23.696	97.087	327.594	864.551	285.665
1242.7	297.831	10.288	0.722	23.722	97.053	327.593	864.011	285.643
1247.971	297.861	10.276	0.748	23.748	97.029	327.595	863.471	285.621
1253.243	297.892	10.264	0.774	23.774	96.996	327.595	862.93	285.599
1258.514	297.922	10.251	0.8	23.8	96.952	327.59	862.389	285.577
1263.757	297.953	10.233	0.826	23.826	96.864	327.572	861.851	285.555
1268.971	297.983	10.215	0.852	23.852	96.772	327.553	861.319	285.534
1274.157	298.013	10.197	0.877	23.877	96.678	327.533	860.789	285.512
1279.314	298.042	10.178	0.903	23.903	96.579	327.511	860.263	285.491
1284.457	298.072	10.157	0.928	23.928	96.454	327.481	859.737	285.469
1289.6	298.102	10.135	0.954	23.954	96.32	327.448	859.211	285.448
1294.771	298.132	10.111	0.979	23.979	96.171	327.411	858.684	285.426
1299.971	298.162	10.088	1.005	24.005	96.037	327.378	858.153	285.404
1305.2	298.192	10.066	1.031	24.031	95.905	327.346	857.617	285.382
1310.443	298.222	10.044	1.056	24.056	95.774	327.314	857.08	285.36
1315.714	298.253	10.021	1.082	24.082	95.641	327.282	856.543	285.338
1321.0	298.283	9.999	1.108	24.108	95.508	327.25	856.006	285.316
1326.3	298.314	9.977	1.135	24.135	95.377	327.219	855.466	285.294
1331.6	298.344	9.956	1.161	24.161	95.255	327.191	854.924	285.272
1336.914	298.375	9.935	1.187	24.187	95.132	327.162	854.384	285.25
1342.214	298.406	9.913	1.213	24.213	95.008	327.134	853.846	285.227
1347.5	298.436	9.892	1.239	24.239	94.885	327.105	853.309	285.205
1352.786	298.467	9.871	1.265	24.265	94.761	327.077	852.773	285.183
1358.071	298.497	9.85	1.291	24.291	94.638	327.048	852.234	285.161
1363.357	298.528	9.827	1.317	24.317	94.501	327.016	851.697	285.139
1368.643	298.558	9.806	1.343	24.343	94.372	326.986	851.163	285.117
1373.929	298.589	9.783	1.37	24.37	94.23	326.952	850.627	285.095
1379.214	298.62	9.759	1.396	24.396	94.079	326.915	850.091	285.073
1384.514	298.65	9.736	1.422	24.422	93.937	326.882	849.556	285.051
1389.814	298.681	9.713	1.448	24.448	93.796	326.848	849.019	285.028
1395.129	298.712	9.691	1.474	24.474	93.668	326.819	848.48	285.006
1400.443	298.742	9.669	1.5	24.5	93.531	326.787	847.943	284.984
1405.757	298.773	9.648	1.527	24.527	93.404	326.758	847.406	284.961
1411.1	298.804	9.626	1.553	24.553	93.275	326.729	846.869	284.939
1416.443	298.835	9.605	1.579	24.579	93.147	326.7	846.33	284.917
1421.8	298.866	9.582	1.606	24.606	93.011	326.669	845.79	284.894
1427.157	298.897	9.56	1.632	24.632	92.875	326.638	845.25	284.872
1432.514	298.928	9.539	1.659	24.659	92.748	326.609	844.71	284.849
1437.871	298.959	9.518	1.685	24.685	92.62	326.581	844.171	284.827
1443.214	298.99	9.495	1.711	24.711	92.484	326.55	843.633	284.805
1448.557	299.021	9.473	1.738	24.738	92.347	326.518	843.094	284.782
1453.886	299.052	9.451	1.764	24.764	92.211	326.487	842.557	284.76
1459.214	299.083	9.43	1.79	24.79	92.081	326.459	842.023	284.737
1464.529	299.113	9.409	1.817	24.817	91.952	326.43	841.49	284.715
1469.814	299.144	9.387	1.843	24.843	91.821	326.401	840.96	284.693
1475.086	299.175	9.366	1.869	24.869	91.69	326.372	840.431	284.671
1480.314	299.205	9.344	1.894	24.894	91.554	326.341	839.906	284.649
1485.529	299.235	9.321	1.92	24.92	91.409	326.307	839.383	284.627
1490.743	299.265	9.299	1.946	24.946	91.263	326.273	838.861	284.605
1495.943	299.295	9.277	1.972	24.972	91.126	326.243	838.34	284.583
1501.129	299.325	9.255	1.972	24.972	90.989	326.212	837.82	284.561
1506.3	299.355	9.233	1.972	24.972	90.851	326.18	837.301	284.539
1511.457	299.385	9.212	1.972	24.972	90.712	326.149	836.786	284.518
1516.614	299.415	9.191	1.972	24.972	90.581	326.12	836.271	284.496
1521.757	299.445	9.169	1.972	24.972	90.443	326.089	835.757	284.474
1526.9	299.475	9.148	1.972	24.972	90.312	326.061	835.244	284.453
1532.029	299.505	9.127	1.972	24.972	90.182	326.032	834.733	284.431
1537.171	299.535	9.106	1.972	24.972	90.043	326.001	834.22	284.41
1542.3	299.564	9.084	1.972	24.972	89.904	325.97	833.707	284.388
1547.429	299.594	9.063	1.972	24.972	89.773	325.941	833.197	284.366
1552.543	299.624	9.045	1.972	24.972	89.666	325.92	832.687	284.345
1557.657	299.653	9.027	1.972	24.972	89.567	325.901	832.177	284.323
1562.757	299.683	9.009	1.972	24.972	89.46	325.88	831.669	284.302
1567.871	299.713	8.991	1.972	24.972	89.351	325.859	831.161	284.28
1572.971	299.742	8.973	1.972	24.972	89.251	325.84	830.656	284.259
1578.086	299.772	8.955	1.972	24.972	89.138	325.817	830.149	284.237
1583.2	299.802	8.935	1.972	24.972	89.018	325.792	829.639	284.216
1588.329	299.831	8.915	1.972	24.972	88.897	325.767	829.13	284.194
1593.457	299.861	8.894	1.972	24.972	88.76	325.738	828.624	284.173
1598.586	299.891	8.873	1.972	24.972	88.624	325.709	828.117	284.151
1603.729	299.921	8.852	1.972	24.972	88.489	325.68	827.607	284.129
1608.9	299.951	8.832	1.972	24.972	88.363	325.654	827.096	284.108
1614.071	299.981	8.812	1.972	24.972	88.229	325.625	826.584	284.086
1619.257	300.011	8.792	1.972	24.972	88.103	325.599	826.074	284.064
1624.443	300.041	8.774	1.972	24.972	88.0	325.581	825.563	284.043
1629.657	300.072	8.759	1.972	24.972	87.926	325.571	825.049	284.021
1634.9	300.102	8.745	1.972	24.972	87.859	325.563	824.531	283.999
1640.157	300.133	8.732	1.972	24.972	87.805	325.559	824.013	283.976
1645.443	300.163	8.72	1.972	24.972	87.758	325.558	823.491	283.954
1650.743	300.194	8.709	1.972	24.972	87.725	325.56	822.97	283.932
1656.057	300.225	8.699	1.972	24.972	87.697	325.565	822.447	283.909
1661.357	300.256	8.69	1.972	24.972	87.684	325.573	821.926	283.887
1666.657	300.287	8.68	1.972	24.972	87.656	325.578	821.404	283.865
1671.971	300.318	8.669	1.972	24.972	87.619	325.58	820.884	283.843
1677.314	300.349	8.658	1.972	24.972	87.591	325.584	820.361	283.82
1682.671	300.38	8.647	1.972	24.972	87.551	325.585	819.836	283.798
1688.043	300.411	8.635	1.972	24.972	87.512	325.586	819.309	283.775
1693.414	300.442	8.623	1.972	24.972	87.464	325.585	818.781	283.752
1698.8	300.474	8.611	1.972	24.972	87.415	325.584	818.256	283.73
1704.186	300.505	8.6	1.972	24.972	87.38	325.586	817.73	283.707
1709.586	300.536	8.588	1.972	24.972	87.337	325.587	817.201	283.685
1715.014	300.568	8.577	1.972	24.972	87.303	325.59	816.671	283.662
1720.457	300.6	8.565	1.972	24.972	87.263	325.591	816.139	283.639
1725.914	300.631	8.554	1.972	24.972	87.221	325.592	815.607	283.616
1731.357	300.663	8.541	1.972	24.972	87.172	325.591	815.076	283.593
1736.814	300.695	8.529	1.972	24.972	87.123	325.589	814.544	283.57
1742.271	300.727	8.518	1.972	24.972	87.088	325.593	814.013	283.547
1747.729	300.759	8.509	1.972	24.972	87.076	325.602	813.48	283.524
1753.186	300.79	8.499	1.972	24.972	87.056	325.609	812.947	283.501
1758.643	300.822	8.49	1.972	24.972	87.035	325.617	812.416	283.478
1764.086	300.854	8.478	1.972	24.972	86.991	325.617	811.886	283.455
1769.543	300.886	8.468	1.972	24.972	86.969	325.624	811.356	283.432
1775.0	300.917	8.458	1.972	24.972	86.947	325.631	810.826	283.409
1780.443	300.949	8.448	1.972	24.972	86.918	325.635	810.296	283.386
1785.9	300.981	8.437	1.972	24.972	86.887	325.64	809.766	283.363
1791.357	301.013	8.427	1.972	24.972	86.858	325.644	809.236	283.34
1796.829	301.045	8.416	1.972	24.972	86.828	325.649	808.706	283.317
1802.314	301.077	8.406	1.972	24.972	86.798	325.654	808.174	283.294
1807.829	301.109	8.395	1.972	24.972	86.762	325.657	807.64	283.27
1813.357	301.141	8.384	1.972	24.972	86.734	325.662	807.104	283.247
1818.9	301.173	8.373	1.972	24.972	86.699	325.666	806.567	283.223
1824.457	301.206	8.362	1.972	24.972	86.662	325.669	806.031	283.2
1830.014	301.238	8.35	1.972	24.972	86.618	325.67	805.494	283.177
1835.557	301.271	8.339	1.972	24.972	86.587	325.674	804.959	283.153
1841.114	301.303	8.328	1.972	24.972	86.548	325.677	804.421	283.13
1846.671	301.335	8.317	1.972	24.972	86.508	325.679	803.886	283.106
1852.243	301.368	8.306	1.972	24.972	86.482	325.685	803.35	283.083
1857.8	301.4	8.298	1.972	24.972	86.47	325.696	802.814	283.059
1863.357	301.433	8.289	1.972	24.972	86.458	325.706	802.279	283.036
1868.914	301.465	8.279	1.972	24.972	86.437	325.714	801.744	283.012
1874.457	301.498	8.27	1.972	24.972	86.416	325.722	801.211	282.989
1880.0	301.53	8.259	1.972	24.972	86.386	325.727	800.679	282.965
1885.543	301.562	8.249	1.972	24.972	86.356	325.732	800.147	282.942
1891.071	301.595	8.238	1.972	24.972	86.327	325.738	799.616	282.919
1896.614	301.627	8.228	1.972	24.972	86.298	325.743	799.083	282.895
1902.171	301.66	8.218	1.972	24.972	86.27	325.749	798.549	282.872
1907.729	301.692	8.206	1.972	24.972	86.233	325.752	798.014	282.848
1913.286	301.724	8.196	1.972	24.972	86.205	325.758	797.481	282.824
1918.843	301.757	8.186	1.972	24.972	86.175	325.763	796.95	282.801
1924.4	301.789	8.174	1.972	24.972	86.125	325.763	796.419	282.777
1929.957	301.822	8.159	1.972	24.972	86.048	325.755	795.887	282.754
1935.529	301.854	8.144	1.972	24.972	85.97	325.747	795.356	282.73
1941.1	301.887	8.13	1.972	24.972	85.901	325.741	794.824	282.707
1946.657	301.92	8.116	1.972	24.972	85.837	325.736	794.293	282.683
1952.2	301.952	8.102	1.972	24.972	85.773	325.732	793.763	282.66
1957.729	301.984	8.089	1.972	24.972	85.714	325.729	793.234	282.636
1963.257	302.017	8.077	1.972	24.972	85.663	325.729	792.709	282.613
1968.771	302.049	8.064	1.972	24.972	85.604	325.726	792.183	282.589
1974.3	302.081	8.052	1.972	24.972	85.56	325.727	791.654	282.566
1979.814	302.113	8.041	1.972	24.972	85.516	325.728	791.127	282.542
1985.314	302.146	8.028	1.972	24.972	85.462	325.727	790.604	282.519
1990.786	302.178	8.016	1.972	24.972	85.408	325.725	790.083	282.495
1996.243	302.21	8.004	1.972	24.972	85.361	325.726	789.564	282.472
2001.686	302.223	7.992	1.972	24.972	85.407	325.706	789.047	282.432
2007.114	302.236	7.979	1.972	24.972	85.452	325.686	788.531	282.392
2012.529	302.25	7.966	1.972	24.972	85.489	325.663	788.016	282.351
2017.929	302.263	7.953	1.972	24.972	85.533	325.643	787.503	282.311
2023.314	302.276	7.94	1.972	24.972	85.567	325.62	786.991	282.271
2028.686	302.29	7.927	1.972	24.972	85.608	325.599	786.483	282.231
2034.043	302.303	7.915	1.972	24.972	85.654	325.58	785.976	282.192
2039.386	302.316	7.903	1.972	24.972	85.7	325.561	785.47	282.152
2044.743	302.329	7.891	1.972	24.972	85.747	325.542	784.963	282.112
2050.086	302.342	7.878	1.972	24.972	85.785	325.52	784.456	282.072
2055.429	302.356	7.866	1.972	24.972	85.832	325.501	783.95	282.033
2060.757	302.369	7.854	1.972	24.972	85.877	325.482	783.446	281.993
2066.057	302.382	7.843	1.972	24.972	85.928	325.464	782.944	281.954
2071.343	302.395	7.831	1.972	24.972	85.978	325.447	782.446	281.915
2076.629	302.408	7.819	1.972	24.972	86.015	325.426	781.947	281.875
2081.914	302.421	7.805	1.972	24.972	86.035	325.4	781.449	281.836
2087.2	302.434	7.789	1.972	24.972	86.041	325.37	780.949	281.797
2092.5	302.447	7.774	1.972	24.972	86.047	325.34	780.45	281.757
2097.786	302.46	7.758	1.972	24.972	86.053	325.31	779.951	281.718
2103.057	302.473	7.744	1.972	24.972	86.065	325.283	779.456	281.679
2108.329	302.486	7.728	1.972	24.972	86.07	325.253	778.96	281.64
2113.6	302.499	7.715	1.972	24.972	86.097	325.23	778.466	281.601
2118.857	302.512	7.702	1.972	24.972	86.125	325.206	777.971	281.562
2124.1	302.525	7.687	1.972	24.972	86.138	325.179	777.479	281.523
2129.329	302.538	7.671	1.972	24.972	86.135	325.148	776.989	281.484
2134.543	302.551	7.656	1.972	24.972	86.133	325.117	776.5	281.446
2139.743	302.563	7.64	1.972	24.972	86.129	325.086	776.013	281.407
2144.943	302.576	7.625	1.972	24.972	86.134	325.057	775.526	281.368
2150.129	302.589	7.609	1.972	24.972	86.124	325.024	775.04	281.33
2155.3	302.602	7.592	1.972	24.972	86.112	324.992	774.556	281.291
2160.486	302.615	7.577	1.972	24.972	86.109	324.961	774.071	281.253
2165.657	302.627	7.56	1.972	24.972	86.093	324.927	773.587	281.215
2170.829	302.64	7.544	1.972	24.972	86.086	324.895	773.103	281.176
2176.014	302.653	7.528	1.972	24.972	86.079	324.864	772.619	281.138
2181.186	302.666	7.513	1.972	24.972	86.071	324.832	772.134	281.099
2186.343	302.678	7.497	1.972	24.972	86.062	324.8	771.653	281.061
2191.5	302.691	7.481	1.972	24.972	86.053	324.769	771.173	281.023
2196.643	302.704	7.466	1.972	24.972	86.051	324.739	770.694	280.985
2201.771	302.717	7.45	1.972	24.972	86.042	324.708	770.216	280.946
2206.9	302.729	7.435	1.972	24.972	86.041	324.679	769.737	280.908
2212.043	302.742	7.418	1.972	24.972	86.017	324.644	769.259	280.87
2217.186	302.755	7.402	1.972	24.972	86.002	324.611	768.78	280.832
2222.329	302.767	7.386	1.972	24.972	85.987	324.578	768.301	280.794
2227.471	302.78	7.369	1.972	24.972	85.963	324.543	767.823	280.756
2232.614	302.793	7.352	1.972	24.972	85.934	324.507	767.344	280.717
2237.757	302.805	7.334	1.972	24.972	85.896	324.468	766.867	280.679
2242.9	302.818	7.316	1.972	24.972	85.867	324.432	766.389	280.641
2248.057	302.831	7.3	1.972	24.972	85.852	324.4	765.909	280.602
2253.229	302.844	7.284	1.972	24.972	85.837	324.367	765.429	280.564
2258.4	302.856	7.267	1.972	24.972	85.809	324.332	764.949	280.525
2263.571	302.869	7.251	1.972	24.972	85.794	324.299	764.469	280.487
2268.729	302.882	7.235	1.972	24.972	85.777	324.267	763.991	280.449
2273.871	302.895	7.219	1.972	24.972	85.76	324.235	763.516	280.411
2279.029	302.907	7.204	1.972	24.972	85.757	324.206	763.04	280.372
2284.171	302.92	7.189	1.972	24.972	85.753	324.177	762.564	280.334
2289.3	302.933	7.174	1.972	24.972	85.742	324.146	762.089	280.296
2294.429	302.945	7.16	1.972	24.972	85.752	324.122	761.614	280.258
2299.557	302.958	7.147	1.972	24.972	85.77	324.098	761.14	280.22
2304.671	302.971	7.135	1.972	24.972	85.799	324.078	760.667	280.181
2309.8	302.983	7.123	1.972	24.972	85.82	324.056	760.193	280.143
2314.957	302.996	7.109	1.972	24.972	85.837	324.033	759.717	280.105
2320.143	303.009	7.096	1.972	24.972	85.846	324.007	759.239	280.066
2325.357	303.022	7.083	1.972	24.972	85.865	323.984	758.759	280.028
2330.6	303.035	7.069	1.972	24.972	85.877	323.959	758.276	279.989
2335.857	303.048	7.056	1.972	24.972	85.898	323.937	757.793	279.95
2341.114	303.061	7.043	1.972	24.972	85.91	323.912	757.31	279.911
2346.386	303.074	7.029	1.972	24.972	85.927	323.889	756.827	279.872
2351.657	303.087	7.017	1.972	24.972	85.954	323.868	756.343	279.832
2356.929	303.1	7.005	1.972	24.972	85.98	323.847	755.859	279.793
2362.2	303.113	6.992	1.972	24.972	85.998	323.823	755.374	279.754
2367.471	303.126	6.979	1.972	24.972	86.026	323.802	754.889	279.715
2372.771	303.139	6.966	1.972	24.972	86.045	323.78	754.403	279.675
2378.071	303.152	6.954	1.972	24.972	86.073	323.759	753.919	279.636
2383.357	303.165	6.942	1.972	24.972	86.1	323.738	753.434	279.597
2388.643	303.178	6.929	1.972	24.972	86.121	323.716	752.951	279.557
2393.914	303.191	6.915	1.972	24.972	86.134	323.692	752.469	279.518
2399.171	303.204	6.903	1.972	24.972	86.156	323.67	751.986	279.479
2404.443	303.217	6.89	1.972	24.972	86.182	323.649	751.504	279.44
2409.7	303.23	6.878	1.972	24.972	86.207	323.628	751.023	279.401
2414.971	303.243	6.866	1.972	24.972	86.234	323.607	750.541	279.361
2420.243	303.256	6.853	1.972	24.972	86.26	323.586	750.059	279.322
2425.514	303.269	6.841	1.972	24.972	86.285	323.565	749.579	279.283
2430.8	303.282	6.829	1.972	24.972	86.311	323.545	749.099	279.244
2436.086	303.296	6.817	1.972	24.972	86.338	323.524	748.616	279.204
2441.371	303.309	6.807	1.972	24.972	86.393	323.511	748.133	279.165
2446.657	303.322	6.798	1.972	24.972	86.467	323.502	747.651	279.126
2451.943	303.335	6.789	1.972	24.972	86.533	323.49	747.171	279.086
2457.214	303.348	6.781	1.972	24.972	86.606	323.481	746.693	279.047
2462.486	303.361	6.773	1.972	24.972	86.684	323.473	746.214	279.008
2467.771	303.374	6.764	1.972	24.972	86.762	323.466	745.734	278.969
2473.071	303.387	6.757	1.972	24.972	86.854	323.461	745.254	278.93
2478.386	303.4	6.75	1.972	24.972	86.948	323.456	744.771	278.89
2483.714	303.413	6.743	1.972	24.972	87.034	323.45	744.287	278.85
2489.071	303.427	6.737	1.972	24.972	87.148	323.45	743.801	278.81
2494.471	303.44	6.731	1.972	24.972	87.255	323.448	743.313	278.77
2499.9	303.453	6.725	1.972	24.972	87.365	323.446	742.821	278.73
2505.357	303.467	6.719	1.998	24.998	87.476	323.445	742.327	278.689
2510.843	303.481	6.713	2.025	25.025	87.591	323.445	741.831	278.649
2516.343	303.494	6.706	2.053	25.053	87.699	323.442	741.334	278.608
2521.871	303.508	6.701	2.08	25.08	87.822	323.443	740.834	278.566
2527.4	303.522	6.695	2.107	25.107	87.936	323.442	740.334	278.525
2532.957	303.535	6.691	2.135	25.135	88.078	323.447	739.833	278.484
2538.529	303.549	6.686	2.162	25.162	88.212	323.451	739.331	278.443
2544.1	303.563	6.681	2.19	25.19	88.337	323.452	738.83	278.401
2549.686	303.577	6.676	2.217	25.217	88.475	323.456	738.327	278.36
2555.286	303.591	6.672	2.245	25.245	88.617	323.46	737.821	278.318
2560.914	303.604	6.668	2.273	25.273	88.759	323.465	737.314	278.276
2566.571	303.618	6.662	2.3	25.3	88.889	323.467	736.806	278.234
2572.257	303.633	6.657	2.328	25.328	89.018	323.468	736.294	278.192
2577.957	303.647	6.65	2.357	25.357	89.136	323.466	735.781	278.149
2583.671	303.661	6.644	2.385	25.385	89.254	323.464	735.267	278.107
2589.4	303.675	6.638	2.413	25.413	89.386	323.466	734.753	278.064
2595.143	303.689	6.632	2.441	25.441	89.51	323.465	734.237	278.021
2600.886	303.703	6.627	2.47	25.47	89.643	323.467	733.721	277.978
2606.643	303.718	6.621	2.498	25.498	89.777	323.468	733.206	277.936
2612.4	303.732	6.616	2.527	25.527	89.912	323.47	732.689	277.893
2618.157	303.746	6.61	2.555	25.555	90.047	323.472	732.173	277.85
2623.914	303.76	6.604	2.583	25.583	90.17	323.471	731.659	277.807
2629.671	303.775	6.6	2.612	25.612	90.315	323.475	731.144	277.764
2635.443	303.789	6.595	2.64	25.64	90.468	323.48	730.627	277.721
2641.229	303.803	6.59	2.669	25.669	90.607	323.482	730.109	277.678
2647.043	303.818	6.584	2.697	25.697	90.735	323.482	729.589	277.634
2652.871	303.832	6.577	2.726	25.726	90.851	323.478	729.069	277.591
2658.714	303.847	6.569	2.755	25.755	90.962	323.474	728.547	277.547
2664.571	303.861	6.56	2.784	25.784	91.052	323.465	728.024	277.504
2670.471	303.876	6.552	2.813	25.813	91.153	323.458	727.499	277.46
2676.371	303.89	6.544	2.842	25.842	91.256	323.451	726.971	277.416
2682.286	303.905	6.535	2.871	25.871	91.358	323.444	726.446	277.372
2688.214	303.92	6.526	2.901	25.901	91.446	323.434	725.919	277.327
2694.129	303.934	6.517	2.93	25.93	91.547	323.427	725.393	277.283
2700.029	303.949	6.509	2.959	25.959	91.647	323.42	724.869	277.239
2705.914	303.964	6.502	2.988	25.988	91.76	323.415	724.346	277.196
2711.786	303.978	6.494	3.017	26.017	91.872	323.41	723.824	277.152
2717.629	303.993	6.486	3.046	26.046	91.983	323.406	723.306	277.108
2723.457	304.007	6.479	3.074	26.074	92.095	323.401	722.787	277.065
2729.271	304.022	6.471	3.103	26.103	92.206	323.396	722.271	277.021
2735.071	304.036	6.463	3.132	26.132	92.298	323.388	721.757	276.978
2740.886	304.05	6.454	3.16	26.16	92.39	323.379	721.243	276.935
2746.7	304.065	6.444	3.189	26.189	92.473	323.368	720.729	276.891
2752.529	304.079	6.436	3.218	26.218	92.567	323.36	720.213	276.848
2758.357	304.094	6.426	3.247	26.247	92.652	323.349	719.697	276.804
2764.186	304.108	6.417	3.275	26.275	92.734	323.338	719.183	276.761
2770.014	304.123	6.407	3.304	26.304	92.816	323.327	718.667	276.717
2775.857	304.137	6.396	3.333	26.333	92.876	323.311	718.151	276.674
2781.714	304.152	6.385	3.362	26.362	92.938	323.296	717.634	276.63
2787.586	304.166	6.374	3.391	26.391	93.001	323.28	717.116	276.586
2793.486	304.181	6.363	3.42	26.42	93.065	323.265	716.596	276.542
2799.371	304.195	6.352	3.449	26.449	93.124	323.249	716.076	276.498
2805.257	304.21	6.339	3.478	26.478	93.16	323.228	715.557	276.454
2811.129	304.225	6.327	3.507	26.507	93.204	323.209	715.041	276.41
2817.0	304.239	6.314	3.536	26.536	93.234	323.187	714.527	276.367
2822.857	304.254	6.301	3.565	26.565	93.277	323.168	714.011	276.323
2828.714	304.268	6.29	3.594	26.594	93.332	323.15	713.494	276.279
2834.571	304.283	6.279	3.623	26.623	93.388	323.134	712.98	276.235
2840.429	304.297	6.267	3.651	26.651	93.438	323.116	712.467	276.191
2846.271	304.312	6.255	3.68	26.68	93.489	323.099	711.954	276.148
2852.1	304.326	6.244	3.709	26.709	93.549	323.083	711.441	276.104
2857.914	304.341	6.233	3.738	26.738	93.599	323.066	710.93	276.06
2863.714	304.355	6.222	3.766	26.766	93.655	323.05	710.421	276.017
2869.5	304.369	6.21	3.795	26.795	93.7	323.031	709.916	275.974
2875.257	304.384	6.198	3.823	26.823	93.741	323.012	709.41	275.93
2881.014	304.398	6.186	3.852	26.852	93.784	322.994	708.906	275.887
2886.771	304.412	6.174	3.88	26.88	93.823	322.974	708.403	275.844
2892.514	304.427	6.16	3.908	26.908	93.837	322.95	707.901	275.801
2898.229	304.441	6.147	3.937	26.937	93.859	322.928	707.403	275.759
2903.914	304.455	6.136	3.965	26.965	93.904	322.91	706.906	275.716
2909.586	304.469	6.123	3.993	26.993	93.937	322.89	706.411	275.674
2915.229	304.483	6.112	4.02	27.02	93.977	322.872	705.92	275.631
2920.857	304.497	6.1	4.048	27.048	94.016	322.854	705.43	275.589
2926.471	304.511	6.088	4.076	27.076	94.039	322.833	704.943	275.548
2932.071	304.525	6.077	4.104	27.104	94.085	322.816	704.456	275.506
2937.643	304.539	6.064	4.131	27.131	94.104	322.794	703.971	275.464
2943.214	304.552	6.052	4.159	27.159	94.136	322.774	703.486	275.422
2948.8	304.566	6.04	4.186	27.186	94.167	322.755	703.0	275.38
2954.386	304.58	6.027	4.214	27.214	94.184	322.732	702.514	275.339
2959.971	304.594	6.015	4.241	27.241	94.21	322.712	702.03	275.297
2965.543	304.608	6.002	4.269	27.269	94.226	322.69	701.547	275.255
2971.086	304.622	5.99	4.296	27.296	94.255	322.67	701.066	275.214
2976.6	304.635	5.979	4.323	27.323	94.298	322.653	700.587	275.172
2982.1	304.649	5.969	4.35	27.35	94.353	322.639	700.111	275.131
2987.586	304.663	5.959	4.377	27.377	94.418	322.627	699.637	275.09
2993.071	304.676	5.948	4.404	27.404	94.458	322.61	699.163	275.049
2998.557	304.69	5.938	4.432	27.432	94.509	322.595	698.689	275.008
3004.057	304.704	5.928	4.459	27.459	94.559	322.58	698.214	274.967
3009.586	304.717	5.917	4.486	27.486	94.602	322.564	697.737	274.926
3015.129	304.731	5.907	4.513	27.513	94.655	322.549	697.26	274.884
3020.686	304.745	5.896	4.541	27.541	94.708	322.535	696.781	274.843
3026.257	304.759	5.885	4.568	27.568	94.749	322.517	696.301	274.801
3031.829	304.773	5.873	4.596	27.596	94.774	322.498	695.821	274.76
3037.4	304.786	5.862	4.623	27.623	94.809	322.48	695.343	274.718
3042.957	304.8	5.85	4.651	27.651	94.833	322.46	694.866	274.677
3048.5	304.814	5.839	4.678	27.678	94.883	322.444	694.389	274.635
3054.043	304.828	5.83	4.705	27.705	94.948	322.432	693.911	274.594
3059.571	304.842	5.82	4.733	27.733	95.002	322.418	693.436	274.552
3065.1	304.855	5.81	4.76	27.76	95.07	322.407	692.961	274.511
3070.614	304.869	5.801	4.787	27.787	95.138	322.395	692.489	274.47
3076.143	304.883	5.792	4.814	27.814	95.206	322.384	692.016	274.428
3081.686	304.897	5.783	4.842	27.842	95.285	322.375	691.541	274.387
3087.257	304.91	5.774	4.869	27.869	95.356	322.364	691.064	274.345
3092.857	304.924	5.765	4.897	27.897	95.425	322.352	690.584	274.303
3098.486	304.938	5.755	4.925	27.925	95.486	322.339	690.101	274.261
3104.143	304.952	5.745	4.952	27.952	95.54	322.325	689.62	274.219
3109.8	304.966	5.734	4.98	27.98	95.587	322.309	689.137	274.177
3115.486	304.981	5.723	5.008	28.008	95.636	322.293	688.651	274.134
3121.2	304.995	5.712	5.037	28.037	95.676	322.276	688.164	274.092
3126.943	305.009	5.701	5.065	28.065	95.719	322.259	687.674	274.049
3132.7	305.023	5.691	5.093	28.093	95.777	322.245	687.184	274.006
3138.443	305.038	5.68	5.122	28.122	95.835	322.231	686.694	273.963
3144.186	305.052	5.67	5.15	28.15	95.892	322.217	686.206	273.92
3149.929	305.066	5.66	5.178	28.178	95.95	322.203	685.717	273.877
3155.686	305.081	5.65	5.207	28.207	96.008	322.189	685.229	273.834
3161.443	305.095	5.64	5.235	28.235	96.082	322.178	684.739	273.791
3167.2	305.109	5.631	5.264	28.264	96.156	322.167	684.249	273.748
3172.957	305.124	5.623	5.292	28.292	96.256	322.161	683.759	273.704
3178.686	305.138	5.616	5.32	28.32	96.364	322.156	683.271	273.661
3184.4	305.152	5.609	5.348	28.348	96.48	322.153	682.787	273.619
3190.1	305.166	5.602	5.376	28.376	96.585	322.148	682.304	273.576
3195.8	305.18	5.594	5.405	28.405	96.681	322.141	681.821	273.533
3201.5	305.195	5.587	5.433	28.433	96.783	322.135	681.34	273.491
3207.229	305.209	5.578	5.461	28.461	96.867	322.126	680.856	273.448
3212.957	305.223	5.571	5.489	28.489	96.977	322.122	680.37	273.405
3218.686	305.237	5.563	5.518	28.518	97.073	322.114	679.884	273.362
3224.386	305.252	5.555	5.546	28.546	97.175	322.109	679.403	273.319
3230.057	305.266	5.547	5.574	28.574	97.261	322.1	678.924	273.277
3235.7	305.28	5.539	5.601	28.601	97.345	322.091	678.449	273.235
3241.314	305.294	5.529	5.629	28.629	97.406	322.079	677.974	273.193
3246.914	305.308	5.518	5.657	28.657	97.452	322.063	677.503	273.151
3252.5	305.322	5.507	5.684	28.684	97.485	322.046	677.033	273.109
3258.086	305.336	5.493	5.712	28.712	97.468	322.02	676.563	273.067
3263.657	305.349	5.48	5.739	28.739	97.452	321.994	676.093	273.026
3269.229	305.363	5.465	5.767	28.767	97.426	321.966	675.624	272.984
3274.771	305.377	5.451	5.794	28.794	97.405	321.94	675.159	272.942
3280.3	305.391	5.438	5.821	28.821	97.402	321.917	674.694	272.901
3285.8	305.405	5.425	5.849	28.849	97.399	321.894	674.231	272.86
3291.3	305.418	5.412	5.876	28.876	97.383	321.868	673.769	272.818
3296.8	305.432	5.398	5.903	28.903	97.354	321.841	673.307	272.777
3302.286	305.446	5.385	5.93	28.93	97.36	321.82	672.847	272.736
3307.757	305.459	5.373	5.957	28.957	97.363	321.798	672.387	272.695
3313.214	305.473	5.361	5.984	28.984	97.375	321.778	671.929	272.654
3318.643	305.486	5.349	6.011	29.011	97.387	321.758	671.471	272.613
3324.057	305.5	5.336	6.037	29.037	97.371	321.733	671.017	272.572
3329.457	305.513	5.324	6.064	29.064	97.375	321.712	670.564	272.532
3334.829	305.527	5.312	6.09	29.09	97.377	321.691	670.114	272.491
3340.157	305.54	5.3	6.117	29.117	97.387	321.671	669.667	272.451
3345.457	305.553	5.288	6.143	29.143	97.384	321.65	669.224	272.411
3350.714	305.566	5.275	6.169	29.169	97.356	321.624	668.786	272.372
3355.943	305.579	5.261	6.195	29.195	97.314	321.597	668.35	272.333
3361.157	305.592	5.246	6.22	29.22	97.249	321.565	667.916	272.294
3366.371	305.605	5.231	6.246	29.246	97.196	321.536	667.481	272.255
3371.571	305.618	5.217	6.272	29.272	97.155	321.509	667.047	272.216
3376.771	305.631	5.203	6.297	29.297	97.1	321.479	666.613	272.177
3381.943	305.644	5.187	6.323	29.323	97.019	321.446	666.183	272.138
3387.086	305.657	5.171	6.348	29.348	96.926	321.41	665.754	272.099
3392.2	305.67	5.155	6.374	29.374	96.844	321.377	665.329	272.061
3397.286	305.682	5.14	6.399	29.399	96.77	321.345	664.906	272.023
3402.371	305.695	5.124	6.424	29.424	96.687	321.312	664.483	271.984
3407.443	305.708	5.109	6.449	29.449	96.602	321.279	664.06	271.946
3412.514	305.72	5.094	6.474	29.474	96.527	321.247	663.639	271.908
3417.571	305.733	5.078	6.499	29.499	96.441	321.214	663.219	271.87
3422.614	305.745	5.062	6.524	29.524	96.353	321.181	662.8	271.832
3427.657	305.758	5.047	6.548	29.548	96.276	321.149	662.381	271.794
3432.686	305.771	5.033	6.573	29.573	96.2	321.118	661.964	271.757
3437.714	305.783	5.018	6.598	29.598	96.123	321.087	661.549	271.719
3442.729	305.796	5.003	6.623	29.623	96.056	321.058	661.133	271.681
3447.729	305.808	4.989	6.647	29.647	95.989	321.028	660.719	271.644
3452.714	305.821	4.975	6.672	29.672	95.921	320.999	660.306	271.606
3457.686	305.833	4.961	6.697	29.697	95.851	320.97	659.894	271.569
3462.629	305.845	4.946	6.721	29.721	95.783	320.941	659.484	271.531
3467.529	305.857	4.933	6.745	29.745	95.723	320.913	659.077	271.494
3472.414	305.87	4.919	6.769	29.769	95.66	320.885	658.674	271.458
3477.257	305.882	4.906	6.793	29.793	95.595	320.858	658.276	271.421
3482.071	305.894	4.893	6.817	29.817	95.542	320.832	657.877	271.385
3486.857	305.906	4.88	6.84	29.84	95.498	320.808	657.481	271.349
3491.614	305.918	4.867	6.864	29.864	95.44	320.782	657.09	271.313
3496.343	305.929	4.855	6.887	29.887	95.391	320.757	656.7	271.278
3501.057	305.941	4.843	6.911	29.911	95.352	320.734	656.311	271.242
3505.786	305.953	4.831	6.934	29.934	95.316	320.712	655.921	271.207
3510.529	305.965	4.82	6.957	29.957	95.28	320.69	655.531	271.171
3515.271	305.977	4.809	6.981	29.981	95.254	320.669	655.141	271.135
3520.0	305.988	4.797	7.004	30.004	95.217	320.647	654.753	271.1
3524.714	306.0	4.786	7.027	30.027	95.19	320.626	654.366	271.065
3529.429	306.012	4.774	7.051	30.051	95.152	320.604	653.98	271.029
3534.143	306.024	4.762	7.074	30.074	95.113	320.582	653.594	270.994
3538.886	306.035	4.751	7.097	30.097	95.074	320.56	653.207	270.959
3543.657	306.047	4.739	7.121	30.121	95.027	320.537	652.816	270.923
3548.471	306.059	4.726	7.144	30.144	94.972	320.512	652.421	270.887
3553.3	306.071	4.714	7.168	30.168	94.928	320.488	652.026	270.85
3558.143	306.084	4.702	7.192	30.192	94.885	320.466	651.63	270.814
3563.0	306.096	4.691	7.216	30.216	94.865	320.446	651.233	270.777
3567.843	306.108	4.681	7.24	30.24	94.855	320.429	650.837	270.741
3572.686	306.12	4.67	7.264	30.264	94.835	320.409	650.441	270.705
3577.557	306.132	4.659	7.288	30.288	94.813	320.39	650.046	270.668
3582.457	306.144	4.648	7.312	30.312	94.784	320.369	649.646	270.632
3587.4	306.157	4.636	7.337	30.337	94.756	320.349	649.243	270.595
3592.371	306.169	4.625	7.361	30.361	94.731	320.328	648.837	270.557
3597.371	306.181	4.615	7.386	30.386	94.722	320.311	648.43	270.52
3602.386	306.194	4.605	7.41	30.41	94.729	320.296	648.021	270.482
3607.4	306.207	4.597	7.435	30.435	94.762	320.284	647.613	270.444
3612.414	306.219	4.59	7.46	30.46	94.826	320.277	647.204	270.407
3617.443	306.232	4.583	7.485	30.485	94.891	320.271	646.794	270.369
3622.486	306.244	4.576	7.51	30.51	94.967	320.266	646.384	270.331
3627.543	306.257	4.569	7.535	30.535	95.029	320.259	645.973	270.293
3632.6	306.269	4.561	7.559	30.559	95.077	320.25	645.561	270.255
3637.671	306.282	4.554	7.585	30.585	95.126	320.241	645.15	270.217
3642.757	306.295	4.546	7.61	30.61	95.177	320.232	644.737	270.178
3647.843	306.308	4.537	7.635	30.635	95.193	320.218	644.324	270.14
3652.957	306.32	4.525	7.66	30.66	95.161	320.197	643.91	270.102
3658.1	306.333	4.513	7.685	30.685	95.128	320.176	643.494	270.063
3663.257	306.346	4.502	7.711	30.711	95.108	320.157	643.076	270.024
3668.457	306.359	4.491	7.736	30.736	95.089	320.137	642.656	269.985
3673.671	306.372	4.48	7.762	30.762	95.059	320.117	642.234	269.946
3678.914	306.385	4.466	7.788	30.788	94.998	320.091	641.81	269.907
3684.171	306.398	4.452	7.814	30.814	94.914	320.062	641.386	269.867
3689.457	306.412	4.439	7.84	30.84	94.843	320.036	640.96	269.828
3694.771	306.425	4.426	7.866	30.866	94.796	320.012	640.531	269.788
3700.114	306.438	4.415	7.893	30.893	94.779	319.993	640.099	269.747
3705.486	306.452	4.404	7.919	30.919	94.765	319.975	639.664	269.707
3710.871	306.465	4.394	7.946	30.946	94.768	319.958	639.229	269.666
3716.286	306.479	4.384	7.972	30.972	94.778	319.943	638.793	269.626
3721.714	306.492	4.372	7.999	30.999	94.752	319.923	638.356	269.585
3727.157	306.506	4.359	8.026	31.026	94.705	319.9	637.919	269.544
3732.629	306.519	4.347	8.053	31.053	94.669	319.878	637.477	269.503
3738.129	306.533	4.333	8.08	31.08	94.597	319.851	637.034	269.461
3743.671	306.547	4.315	8.107	31.107	94.422	319.809	636.589	269.419
3749.243	306.561	4.293	8.135	31.135	94.173	319.757	636.14	269.377
3754.814	306.575	4.273	8.162	31.162	93.96	319.71	635.691	269.335
3760.414	306.589	4.258	8.19	31.19	93.862	319.68	635.241	269.293
3766.029	306.603	4.246	8.218	31.218	93.834	319.659	634.79	269.251
3771.671	306.617	4.236	8.246	31.246	93.852	319.645	634.336	269.208
3777.357	306.631	4.225	8.274	31.274	93.848	319.629	633.88	269.165
3783.071	306.646	4.212	8.302	31.302	93.799	319.605	633.423	269.122
3788.8	306.66	4.197	8.33	31.33	93.689	319.573	632.964	269.079
3794.529	306.674	4.178	8.358	31.358	93.513	319.532	632.504	269.036
3800.257	306.688	4.158	8.387	31.387	93.303	319.487	632.047	268.993
3805.986	306.703	4.138	8.415	31.415	93.089	319.441	631.59	268.95
3811.7	306.717	4.118	8.443	31.443	92.867	319.394	631.133	268.906
3817.414	306.731	4.098	8.471	31.471	92.642	319.347	630.676	268.863
3823.143	306.746	4.078	8.5	31.5	92.424	319.301	630.219	268.82
3828.871	306.76	4.057	8.528	31.528	92.195	319.254	629.763	268.777
3834.6	306.774	4.036	8.556	31.556	91.954	319.205	629.306	268.734
3840.343	306.789	4.015	8.584	31.584	91.691	319.154	628.847	268.69
3846.114	306.803	3.992	8.613	31.613	91.4	319.099	628.387	268.647
3851.9	306.818	3.968	8.641	31.641	91.087	319.041	627.927	268.603
3857.7	306.832	3.944	8.67	31.67	90.782	318.984	627.464	268.559
3863.529	306.847	3.921	8.699	31.699	90.473	318.927	627.001	268.516
3869.371	306.861	3.897	8.728	31.728	90.162	318.87	626.539	268.472
3875.214	306.876	3.873	8.756	31.756	89.834	318.811	626.074	268.428
3881.086	306.891	3.848	8.785	31.785	89.497	318.751	625.609	268.383
3886.986	306.905	3.823	8.814	31.814	89.136	318.688	625.14	268.339
3892.914	306.92	3.796	8.844	31.844	88.743	318.621	624.669	268.294
3898.871	306.935	3.768	8.873	31.873	88.34	318.553	624.196	268.249
3904.843	306.95	3.741	8.903	31.903	87.935	318.484	623.721	268.204
3910.843	306.965	3.713	8.932	31.932	87.515	318.414	623.247	268.158
3916.843	306.98	3.684	8.962	31.962	87.062	318.341	622.771	268.113
3922.857	306.995	3.653	8.991	31.991	86.57	318.262	622.296	268.068
3928.871	307.01	3.621	9.021	32.021	86.038	318.178	621.82	268.022
3934.9	307.025	3.587	9.051	32.051	85.454	318.088	621.344	267.977
3940.943	307.041	3.553	9.081	32.081	84.878	318.0	620.867	267.931
3947.0	307.056	3.519	9.111	32.111	84.287	317.909	620.389	267.885
3953.071	307.071	3.485	9.14	32.14	83.709	317.821	619.909	267.839
3959.157	307.086	3.451	9.171	32.171	83.114	317.732	619.429	267.793
3965.229	307.101	3.416	9.2	32.2	82.491	317.639	618.949	267.747
3971.3	307.117	3.38	9.23	32.23	81.862	317.546	618.471	267.701
3977.357	307.132	3.347	9.26	32.26	81.277	317.459	617.994	267.656
3983.414	307.147	3.316	9.29	32.29	80.75	317.38	617.517	267.61
3989.486	307.162	3.287	9.32	32.32	80.25	317.305	617.04	267.564
3995.571	307.177	3.257	9.35	32.35	79.735	317.228	616.561	267.518
4001.686	307.193	3.227	9.38	32.38	79.235	317.154	616.081	267.472
4007.814	307.208	3.2	9.411	32.411	78.782	317.085	615.6	267.425
4013.943	307.223	3.174	9.441	32.441	78.349	317.02	615.12	267.379
4020.071	307.239	3.146	9.471	32.471	77.869	316.95	614.639	267.332
4026.214	307.254	3.115	9.501	32.501	77.329	316.872	614.157	267.286
4032.386	307.27	3.084	9.532	32.532	76.76	316.79	613.674	267.239
4038.586	307.285	3.051	9.562	32.562	76.174	316.708	613.19	267.192
4044.814	307.301	3.018	9.593	32.593	75.554	316.621	612.703	267.145
4051.086	307.316	2.985	9.624	32.624	74.944	316.536	612.213	267.098
4057.371	307.332	2.954	9.655	32.655	74.361	316.454	611.72	267.05
4063.671	307.348	2.922	9.686	32.686	73.771	316.373	611.227	267.002
4069.986	307.364	2.89	9.717	32.717	73.169	316.29	610.736	266.955
4076.314	307.38	2.858	9.748	32.748	72.576	316.209	610.243	266.907
4082.657	307.396	2.828	9.78	32.78	72.027	316.133	609.749	266.859
4089.014	307.412	2.801	9.811	32.811	71.532	316.065	609.254	266.811
4095.4	307.428	2.773	9.843	32.843	71.016	315.995	608.759	266.763
4101.786	307.444	2.742	9.874	32.874	70.431	315.916	608.261	266.714
4108.171	307.46	2.709	9.906	32.906	69.8	315.833	607.766	266.666
4114.571	307.476	2.676	9.937	32.937	69.139	315.746	607.27	266.618
4120.971	307.492	2.643	9.969	32.969	68.495	315.662	606.773	266.569
4127.386	307.508	2.611	10.0	33.0	67.858	315.579	606.276	266.521
4133.8	307.524	2.578	10.032	33.032	67.199	315.494	605.777	266.472
4140.229	307.54	2.546	10.064	33.064	66.561	315.412	605.28	266.423
4146.657	307.556	2.516	10.096	33.096	65.954	315.334	604.781	266.375
4153.071	307.572	2.486	10.127	33.127	65.379	315.26	604.284	266.326
4159.486	307.588	2.459	10.159	33.159	64.853	315.193	603.789	266.277
4165.871	307.604	2.436	10.19	33.19	64.431	315.138	603.294	266.229
4172.243	307.62	2.416	10.222	33.222	64.091	315.094	602.801	266.181
4178.614	307.636	2.395	10.253	33.253	63.708	315.044	602.31	266.132
4184.957	307.652	2.368	10.284	33.284	63.181	314.979	601.821	266.084
4191.286	307.668	2.338	10.316	33.316	62.561	314.902	601.333	266.036
4197.614	307.684	2.306	10.347	33.347	61.882	314.819	600.846	265.988
4203.929	307.7	2.275	10.378	33.378	61.22	314.739	600.359	265.94
4210.229	307.716	2.245	10.409	33.409	60.595	314.663	599.873	265.893
4216.543	307.731	2.217	10.44	33.44	60.03	314.595	599.387	265.845
4222.857	307.747	2.193	10.471	33.471	59.547	314.537	598.903	265.797
4229.186	307.763	2.171	10.503	33.503	59.113	314.484	598.416	265.749
4235.529	307.779	2.149	10.534	33.534	58.699	314.435	597.929	265.701
4241.9	307.795	2.128	10.565	33.565	58.272	314.384	597.441	265.653
4248.271	307.811	2.105	10.597	33.597	57.831	314.332	596.953	265.604
4254.629	307.827	2.082	10.628	33.628	57.346	314.275	596.466	265.556
4261.0	307.843	2.058	10.66	33.66	56.85	314.217	595.979	265.508
4267.357	307.859	2.034	10.691	33.691	56.364	314.161	595.493	265.46
4273.714	307.875	2.012	10.722	33.722	55.913	314.109	595.007	265.412
4280.057	307.891	1.99	10.754	33.754	55.467	314.058	594.523	265.364
4286.4	307.907	1.968	10.785	33.785	55.025	314.008	594.039	265.316
4292.743	307.923	1.948	10.816	33.816	54.603	313.96	593.556	265.268
4299.057	307.939	1.927	10.847	33.847	54.177	313.912	593.074	265.22
4305.357	307.954	1.906	10.878	33.878	53.742	313.863	592.594	265.172
4311.629	307.97	1.885	10.909	33.909	53.318	313.816	592.117	265.124
4317.871	307.986	1.865	10.94	33.94	52.907	313.771	591.641	265.077
4324.1	308.001	1.846	10.971	33.971	52.521	313.728	591.169	265.03
4330.3	308.017	1.829	11.001	34.001	52.178	313.691	590.699	264.983
4336.486	308.033	1.812	11.032	34.032	51.836	313.654	590.23	264.936
4342.657	308.048	1.795	11.062	34.062	51.506	313.619	589.761	264.89
4348.8	308.063	1.779	11.093	34.093	51.183	313.584	589.294	264.843
4354.929	308.079	1.764	11.123	34.123	50.894	313.554	588.829	264.796
4361.043	308.094	1.75	11.153	34.153	50.641	313.527	588.366	264.75
4367.143	308.11	1.738	11.183	34.183	50.44	313.507	587.904	264.704
4373.243	308.125	1.728	11.213	34.213	50.295	313.492	587.443	264.657
4379.357	308.14	1.719	11.243	34.243	50.158	313.479	586.98	264.611
4385.486	308.156	1.71	11.274	34.274	50.055	313.469	586.517	264.565
4391.614	308.171	1.704	11.304	34.304	50.001	313.465	586.054	264.518
4397.757	308.187	1.701	11.334	34.334	50.056	313.472	585.591	264.472
4403.9	308.202	1.7	11.365	34.365	50.171	313.486	585.129	264.425
4410.057	308.217	1.698	11.395	34.395	50.262	313.497	584.664	264.378
4416.214	308.233	1.694	11.425	34.425	50.296	313.502	584.201	264.332
4422.357	308.248	1.692	11.456	34.456	50.363	313.51	583.74	264.285
4428.5	308.264	1.694	11.486	34.486	50.595	313.536	583.277	264.239
4434.629	308.279	1.702	11.516	34.516	50.956	313.575	582.817	264.192
4440.729	308.295	1.709	11.546	34.546	51.319	313.615	582.359	264.146
4446.814	308.31	1.714	11.576	34.576	51.628	313.648	581.903	264.1
4452.886	308.325	1.719	11.606	34.606	51.922	313.68	581.449	264.054
4458.929	308.34	1.725	11.636	34.636	52.237	313.714	580.996	264.008
4464.957	308.355	1.73	11.666	34.666	52.541	313.746	580.544	263.963
4470.957	308.371	1.734	11.695	34.695	52.8	313.774	580.094	263.917
4476.929	308.386	1.737	11.725	34.725	53.066	313.803	579.646	263.872
4482.871	308.4	1.741	11.754	34.754	53.331	313.831	579.201	263.826
4488.786	308.415	1.744	11.783	34.783	53.561	313.855	578.76	263.782
4494.686	308.43	1.748	11.812	34.812	53.842	313.885	578.32	263.737
4500.571	308.445	1.756	11.841	34.841	54.232	313.925	577.881	263.693
4506.457	308.46	1.765	11.871	34.871	54.666	313.97	577.441	263.648
4512.343	308.475	1.772	11.9	34.9	55.018	314.007	577.001	263.603
4518.243	308.489	1.774	11.929	34.929	55.245	314.03	576.561	263.558
4524.143	308.504	1.774	11.958	34.958	55.402	314.047	576.121	263.513
4530.043	308.519	1.777	11.987	34.987	55.63	314.07	575.681	263.468
4535.943	308.534	1.781	12.016	35.016	55.936	314.101	575.241	263.424
4541.857	308.549	1.786	12.045	35.045	56.253	314.133	574.801	263.379
4547.771	308.564	1.791	12.074	35.074	56.567	314.165	574.361	263.334
4553.686	308.579	1.795	12.104	35.104	56.853	314.194	573.921	263.289
4559.6	308.594	1.799	12.133	35.133	57.113	314.22	573.481	263.244
4565.514	308.608	1.801	12.162	35.162	57.364	314.245	573.043	263.199
4571.414	308.623	1.804	12.191	35.191	57.597	314.269	572.604	263.154
4577.286	308.638	1.805	12.22	35.22	57.793	314.288	572.169	263.109
4583.157	308.653	1.805	12.249	35.249	57.943	314.303	571.734	263.065
4589.029	308.668	1.803	12.278	35.278	58.07	314.316	571.299	263.02
4594.9	308.682	1.802	12.307	35.307	58.197	314.329	570.863	262.975
4600.771	308.697	1.802	12.336	35.336	58.342	314.343	570.429	262.931
4606.643	308.712	1.802	12.365	35.365	58.5	314.358	569.994	262.886
4612.514	308.727	1.802	12.394	35.394	58.664	314.375	569.56	262.841
4618.4	308.742	1.801	12.423	35.423	58.804	314.388	569.127	262.797
4624.271	308.756	1.799	12.452	35.452	58.912	314.399	568.694	262.752
4630.157	308.771	1.796	12.481	35.481	58.951	314.403	568.26	262.707
4636.071	308.786	1.791	12.51	35.51	58.965	314.404	567.824	262.663
4642.0	308.801	1.786	12.539	35.539	58.979	314.406	567.389	262.618
4647.957	308.816	1.781	12.569	35.569	58.985	314.407	566.95	262.572
4653.943	308.831	1.776	12.598	35.598	58.964	314.405	566.51	262.527
4659.957	308.846	1.77	12.628	35.628	58.946	314.404	566.067	262.481
4666.0	308.861	1.766	12.658	35.658	58.974	314.407	565.621	262.435
4672.1	308.877	1.763	12.688	35.688	59.054	314.415	565.174	262.389
4678.257	308.892	1.762	12.718	35.718	59.174	314.427	564.723	262.342
4684.443	308.908	1.761	12.749	35.749	59.324	314.441	564.267	262.295
4690.686	308.924	1.76	12.779	35.779	59.465	314.455	563.809	262.247
4696.971	308.939	1.759	12.81	35.81	59.603	314.468	563.347	262.199
4703.3	308.955	1.757	12.842	35.842	59.743	314.481	562.883	262.151
4709.686	308.971	1.757	12.873	35.873	59.911	314.497	562.416	262.102
4716.1	308.988	1.757	12.905	35.905	60.105	314.516	561.946	262.053
4722.557	309.004	1.757	12.937	35.937	60.302	314.534	561.473	262.004
4729.043	309.02	1.758	12.969	35.969	60.511	314.554	560.999	261.955
4735.557	309.037	1.759	13.001	36.001	60.716	314.573	560.523	261.905
4742.1	309.053	1.759	13.033	36.033	60.912	314.592	560.047	261.855
4748.671	309.07	1.759	13.065	36.065	61.105	314.61	559.569	261.805
4755.271	309.086	1.759	13.098	36.098	61.311	314.629	559.087	261.755
4761.9	309.103	1.759	13.131	36.131	61.519	314.648	558.604	261.705
4768.543	309.12	1.759	13.163	36.163	61.716	314.666	558.121	261.654
4775.2	309.137	1.759	13.196	36.196	61.903	314.683	557.637	261.603
4781.871	309.153	1.758	13.229	36.229	62.073	314.699	557.154	261.553
4788.529	309.17	1.757	13.262	36.262	62.232	314.714	556.671	261.502
4795.171	309.187	1.756	13.295	36.295	62.397	314.729	556.189	261.452
4801.8	309.204	1.756	13.328	36.328	62.586	314.746	555.707	261.401
4808.386	309.22	1.756	13.36	36.36	62.787	314.764	555.23	261.351
4814.929	309.237	1.755	13.392	36.392	62.967	314.78	554.756	261.301
4821.457	309.253	1.753	13.425	36.425	63.06	314.789	554.284	261.251
4827.943	309.27	1.746	13.457	36.457	63.037	314.787	553.814	261.202
4834.414	309.286	1.739	13.488	36.488	62.98	314.782	553.347	261.153
4840.871	309.302	1.734	13.52	36.52	62.963	314.781	552.881	261.103
4847.314	309.318	1.729	13.552	36.552	62.983	314.783	552.416	261.054
4853.757	309.335	1.72	13.584	36.584	62.879	314.774	551.95	261.005
4860.186	309.351	1.707	13.616	36.616	62.565	314.748	551.487	260.956
4866.614	309.367	1.689	13.647	36.647	62.122	314.71	551.024	260.907
4873.043	309.383	1.671	13.679	36.679	61.651	314.67	550.56	260.858
4879.471	309.4	1.653	13.711	36.711	61.176	314.63	550.096	260.809
4885.914	309.416	1.635	13.743	36.743	60.691	314.589	549.631	260.76
4892.371	309.432	1.617	13.774	36.774	60.232	314.551	549.167	260.71
4898.829	309.448	1.602	13.806	36.806	59.865	314.521	548.701	260.661
4905.286	309.465	1.59	13.838	36.838	59.589	314.499	548.237	260.611
4911.714	309.481	1.578	13.87	36.87	59.341	314.479	547.774	260.562
4918.1	309.497	1.569	13.901	36.901	59.168	314.466	547.316	260.513
4924.443	309.513	1.562	13.933	36.933	59.098	314.462	546.86	260.465
4930.757	309.529	1.554	13.964	36.964	58.961	314.452	546.407	260.417
4937.043	309.545	1.541	13.995	36.995	58.652	314.428	545.956	260.368
4943.3	309.561	1.526	14.026	37.026	58.242	314.396	545.507	260.321
4949.529	309.576	1.512	14.056	37.056	57.892	314.368	545.061	260.273
4955.729	309.592	1.501	14.087	37.087	57.648	314.35	544.617	260.225
4961.9	309.608	1.491	14.117	37.117	57.45	314.336	544.176	260.178
4968.043	309.623	1.481	14.148	37.148	57.245	314.321	543.737	260.131
4974.157	309.639	1.472	14.178	37.178	57.042	314.307	543.3	260.084
4980.243	309.654	1.463	14.208	37.208	56.891	314.297	542.864	260.038
4989.133	309.676	1.379	14.252	37.252	53.867	314.051	542.18	259.963
4996.267	309.694	1.378	14.287	37.287	54.028	314.068	541.673	259.908
5003.133	309.712	1.38	14.287	37.287	54.266	314.091	541.187	259.856
5009.8	309.729	1.379	14.287	37.287	54.402	314.106	540.713	259.805
5016.333	309.745	1.375	14.287	37.287	54.442	314.113	540.253	259.756
5022.667	309.761	1.371	14.287	37.287	54.448	314.116	539.8	259.707
5028.867	309.777	1.368	14.287	37.287	54.506	314.124	539.36	259.66
5034.933	309.792	1.367	14.287	37.287	54.621	314.137	538.927	259.613
5040.8	309.807	1.37	14.287	37.287	54.88	314.16	538.507	259.567
5046.533	309.821	1.373	14.287	37.287	55.161	314.186	538.1	259.524
5052.067	309.835	1.38	14.287	37.287	55.588	314.222	537.707	259.481
5057.467	309.849	1.389	14.287	37.287	56.132	314.268	537.327	259.44
5062.733	309.862	1.402	14.287	37.287	56.795	314.323	536.953	259.4
5067.867	309.875	1.416	14.287	37.287	57.49	314.381	536.587	259.36
5073.0	309.888	1.431	14.287	37.287	58.242	314.442	536.227	259.321
5078.133	309.901	1.444	14.287	37.287	58.937	314.499	535.867	259.282
5083.2	309.914	1.454	14.287	37.287	59.48	314.544	535.507	259.243
5088.267	309.927	1.458	14.287	37.287	59.809	314.572	535.147	259.204
5093.2	309.939	1.462	14.287	37.287	60.106	314.596	534.793	259.165
5097.933	309.951	1.469	14.287	37.287	60.545	314.632	534.46	259.129
5102.533	309.963	1.479	14.287	37.287	61.098	314.677	534.14	259.094
5107.067	309.974	1.489	14.287	37.287	61.672	314.723	533.82	259.06
5111.467	309.985	1.496	14.287	37.287	62.091	314.757	533.507	259.025
5115.8	309.996	1.496	14.287	37.287	62.208	314.768	533.2	258.992
5120.133	310.007	1.492	14.287	37.287	62.168	314.766	532.9	258.96
5124.467	310.018	1.482	14.287	37.287	61.918	314.748	532.593	258.926
5128.8	310.029	1.473	14.287	37.287	61.662	314.73	532.287	258.893
5133.2	310.04	1.465	14.287	37.287	61.456	314.716	531.987	258.86
5137.533	310.051	1.461	14.287	37.287	61.433	314.716	531.68	258.827
5141.867	310.062	1.462	14.287	37.287	61.573	314.728	531.373	258.793
5146.133	310.073	1.473	14.287	37.287	62.176	314.775	531.073	258.76
5150.333	310.084	1.497	14.287	37.287	63.314	314.864	530.78	258.728
5154.467	310.094	1.529	14.287	37.287	64.836	314.981	530.493	258.697
5158.667	310.105	1.569	14.287	37.287	66.642	315.119	530.207	258.666
5162.933	310.116	1.612	14.287	37.287	68.621	315.27	529.907	258.633
5167.267	310.127	1.655	14.287	37.287	70.59	315.419	529.6	258.599
5171.6	310.138	1.697	14.287	37.287	72.569	315.568	529.293	258.566
5175.867	310.148	1.74	14.287	37.287	74.568	315.719	529.0	258.534
5180.0	311.1	1.787	14.287	37.287	71.916	316.82	528.713	259.287
5184.0	311.344	1.837	14.287	37.287	72.904	317.228	528.433	259.451
5187.867	311.595	1.889	14.287	37.287	73.899	317.649	528.167	259.623
5191.6	311.844	1.942	14.287	37.287	74.866	318.069	527.907	259.794
5195.267	312.094	1.991	14.287	37.287	75.671	318.48	527.647	259.965
5198.933	312.351	2.039	14.287	37.287	76.341	318.893	527.393	260.143
5202.467	312.59	2.084	14.287	37.287	76.946	319.279	527.147	260.308
5206.0	312.783	2.119	14.287	37.287	77.421	319.587	526.9	260.434
5209.533	312.926	2.143	14.287	37.287	77.7	319.807	526.66	260.519
5213.133	313.041	2.162	14.287	37.287	78.0	319.986	526.407	260.578
5216.667	313.13	2.175	14.287	37.287	78.186	320.119	526.16	260.618
5220.2	313.195	2.182	14.287	37.287	78.25	320.205	525.92	260.638
5223.733	313.243	2.186	14.287	37.287	78.314	320.267	525.68	260.644
5227.267	313.284	2.188	14.287	37.287	78.378	320.318	525.44	260.644
5230.933	313.327	2.193	14.287	37.287	78.505	320.377	525.187	260.644
5234.8	313.38	2.199	14.287	37.287	78.631	320.45	524.92	260.65
5238.733	313.427	2.202	14.287	37.287	78.694	320.507	524.647	260.65
5242.8	313.473	2.205	14.287	37.287	78.756	320.564	524.373	260.65
5246.933	313.521	2.206	14.287	37.287	78.757	320.616	524.093	260.65
5251.067	313.578	2.208	14.287	37.287	78.757	320.682	523.807	260.657
5255.267	313.627	2.209	14.287	37.287	78.758	320.736	523.52	260.656
5259.533	313.669	2.209	14.287	37.287	78.758	320.78	523.227	260.65
5263.8	313.71	2.209	14.287	37.287	78.758	320.822	522.94	260.643
5268.067	313.752	2.211	14.287	37.287	78.82	320.871	522.647	260.636
5272.267	313.777	2.209	14.287	37.287	78.819	320.89	522.36	260.616
5276.467	313.803	2.206	14.287	37.287	78.817	320.908	522.073	260.596
5280.667	313.829	2.206	14.287	37.287	78.879	320.934	521.78	260.576
5284.867	313.846	2.204	14.287	37.287	78.94	320.946	521.493	260.55
5289.067	313.863	2.202	14.287	37.287	79.001	320.958	521.207	260.523
5293.267	313.881	2.2	14.287	37.287	79.062	320.971	520.92	260.496
5297.4	313.897	2.198	14.287	37.287	79.123	320.982	520.64	260.47
5301.6	313.914	2.197	14.287	37.287	79.184	320.994	520.353	260.443
5305.8	313.933	2.195	14.287	37.287	79.246	321.008	520.06	260.417
5310.0	313.95	2.191	14.287	37.287	79.245	321.015	519.773	260.39
5314.2	313.966	2.188	14.287	37.287	79.244	321.021	519.493	260.363
5318.333	313.983	2.184	14.287	37.287	79.243	321.027	519.213	260.337
5322.467	314.007	2.183	14.287	37.287	79.304	321.05	518.933	260.317
5326.6	314.031	2.183	14.287	37.287	79.366	321.073	518.653	260.297
5330.733	314.048	2.179	14.287	37.287	79.364	321.079	518.373	260.27
5334.867	314.072	2.177	14.287	37.287	79.362	321.097	518.093	260.25
5339.0	314.097	2.174	14.287	37.287	79.361	321.115	517.813	260.23
5343.133	314.113	2.171	14.287	37.287	79.359	321.121	517.533	260.204
5347.267	314.138	2.168	14.287	37.287	79.358	321.139	517.253	260.184
5351.4	314.162	2.166	14.287	37.287	79.357	321.156	516.973	260.164
5355.467	314.187	2.164	14.287	37.287	79.355	321.174	516.693	260.144
5359.533	314.204	2.16	14.287	37.287	79.353	321.18	516.413	260.117
5363.533	314.226	2.158	14.287	37.287	79.352	321.196	516.147	260.098
5367.467	314.248	2.155	14.287	37.287	79.351	321.211	515.88	260.078
5371.4	314.27	2.155	14.287	37.287	79.413	321.232	515.613	260.058
5375.333	314.293	2.154	14.287	37.287	79.475	321.253	515.347	260.038
5379.2	314.314	2.155	14.287	37.287	79.6	321.279	515.087	260.017
5383.067	314.335	2.154	14.287	37.287	79.661	321.298	514.827	259.997
5387.0	314.349	2.152	14.287	37.287	79.721	321.307	514.56	259.971
5390.933	314.372	2.151	14.287	37.287	79.782	321.329	514.293	259.951
5394.867	314.393	2.151	14.287	37.287	79.844	321.348	514.033	259.931
5398.867	314.407	2.149	14.287	37.287	79.905	321.358	513.767	259.904
5402.867	314.43	2.148	14.287	37.287	79.966	321.379	513.5	259.884
5406.933	314.446	2.145	14.287	37.287	79.966	321.384	513.227	259.858
5411.0	314.461	2.141	14.287	37.287	79.965	321.389	512.953	259.831
5415.067	314.477	2.138	14.287	37.287	79.964	321.395	512.68	259.805
5419.2	314.501	2.134	14.287	37.287	79.901	321.406	512.407	259.785
5423.333	314.526	2.13	14.287	37.287	79.838	321.42	512.127	259.765
5427.533	314.543	2.124	14.287	37.287	79.775	321.421	511.847	259.738
5431.8	314.562	2.119	14.287	37.287	79.712	321.424	511.56	259.712
5436.067	314.58	2.114	14.287	37.287	79.648	321.427	511.273	259.685
5440.467	314.591	2.106	14.287	37.287	79.52	321.414	510.98	259.652
5444.867	314.603	2.099	14.287	37.287	79.392	321.401	510.687	259.619
5449.2	314.623	2.092	14.287	37.287	79.264	321.4	510.393	259.593
5453.533	314.634	2.084	14.287	37.287	79.135	321.387	510.1	259.56
5463.333	314.69	2.074	14.287	37.287	79.009	321.413	509.42	259.507
5490.133	314.816	2.053	14.287	37.287	78.934	321.477	507.627	259.349
5587.467	315.206	1.988	14.287	37.287	79.103	321.675	501.587	258.784
5850.8	316.337	1.815	14.287	37.287	79.567	322.297	484.86	257.206
6200.8	317.682	1.597	14.287	37.287	80.51	322.987	463.6	255.01
6814.6	319.68	1.264	14.287	37.287	83.897	323.967	428.6	250.92
7548.6	321.84	0.804	14.287	37.287	77.899	324.638	388.6	245.639
8351.6	324.04	0.468	14.287	37.287	73.219	325.72	346.8	239.402
9061.4	325.58	0.25	14.287	37.287	63.356	326.503	313.0	233.591
9761.2	326.9	0.17	14.287	37.287	75.073	327.547	280.8	227.371
10245.0	327.58	0.104	14.287	37.287	69.454	327.984	260.6	223.033
10635.6	328.08	0.068	14.287	37.287	64.856	328.349	245.0	219.467
10969.0	328.54	0.044	14.287	37.287	57.179	328.717	232.4	216.482
11249.0	329.24	0.034	14.287	37.287	55.981	329.378	222.4	214.233
11585.6	330.9	0.024	14.287	37.287	49.244	330.999	211.0	212.099
11880.4	332.76	0.018	14.287	37.287	43.893	332.835	201.2	210.411
12178.8	336.02	0.014	20.0	20.0	36.561	336.079	191.6	209.524
12457.0	342.04	0.01	20.0	20.0	21.933	342.083	183.0	210.496
12677.0	348.8	0.008	20.0	20.0	13.176	348.835	176.4	212.414
12821.8	356.12	0.008	20.0	20.0	8.76	356.155	172.4	215.454
13016.4	363.6	0.008	20.0	20.0	6.165	363.635	167.2	218.062
13205.4	369.82	0.008	20.0	20.0	4.772	369.856	162.4	219.954
13411.0	373.3	0.01	20.0	20.0	5.718	373.345	157.4	220.048
13662.8	375.86	0.008	20.0	20.0	4.921	375.896	151.4	219.109
13884.6	376.94	0.006	20.0	20.0	4.301	376.967	146.2	217.554
14125.8	377.94	0.004	20.0	20.0	3.428	377.959	140.8	215.797
14334.8	378.7	0.002	20.0	20.0	2.028	378.709	136.2	214.188
14523.2	380.14	0.0	20.0	20.0	0.0	380.14	132.2	213.178
14719.8	382.78	0.0	20.0	20.0	0.0	382.78	128.2	212.781
14939.2	386.14	0.0	20.0	20.0	0.0	386.14	123.8	212.517
15174.6	392.38	0.0	20.0	20.0	0.0	392.38	119.4	213.729
15473.6	401.22	0.0	20.0	20.0	0.0	401.22	114.0	215.671
15813.0	411.34	0.0	20.0	20.0	0.0	411.34	108.2	217.835
16095.8	420.2	0.0	20.0	20.0	0.0	420.2	103.52	219.732
16425.6	429.0	0.0	20.0	20.0	0.0	429.0	98.32	221.053
16768.0	435.54	0.0	20.0	20.0	0.0	435.54	93.34	221.113
17044.6	440.34	0.0	20.0	20.0	0.0	440.34	89.46	220.854
17251.0	443.12	0.0	20.0	20.0	0.0	443.12	86.66	220.237
17517.2	446.88	0.0	20.0	20.0	0.0	446.88	83.14	219.488
17773.2	451.12	0.0	20.0	20.0	0.0	451.12	79.94	219.099
17960.4	455.08	0.0	20.0	20.0	0.0	455.08	77.72	219.25
18158.0	458.58	0.0	20.0	20.0	0.0	458.58	75.4	219.03
18370.2	462.48	0.0	20.0	20.0	0.0	462.48	72.94	218.809
18648.2	466.34	0.0	20.0	20.0	0.0	466.34	69.94	218.002
18880.2	469.22	0.0	20.0	20.0	0.0	469.22	67.52	217.151
19206.0	474.96	0.0	20.0	20.0	0.0	474.96	64.32	216.778
19585.0	482.24	0.0	20.0	20.0	0.0	482.24	60.72	216.506
19964.6	489.66	0.0	20.0	20.0	0.0	489.66	57.18	216.095
20256.8	497.38	0.0	20.0	20.0	0.0	497.38	54.64	216.669
20560.4	505.58	0.0	20.0	20.0	0.0	505.58	52.06	217.217
20761.4	510.84	0.0	20.0	20.0	0.0	510.84	50.46	217.527
21035.6	517.08	0.0	20.0	20.0	0.0	517.08	48.46	217.654
21347.8	523.94	0.0	20.0	20.0	0.0	523.94	46.26	217.632
21649.0	530.1	0.0	20.0	20.0	0.0	530.1	44.2	217.342
21973.4	536.78	0.0	20.0	20.0	0.0	536.78	42.06	216.98
22281.2	543.26	0.0	20.0	20.0	0.0	543.26	40.06	216.563
22516.4	549.16	0.0	20.0	20.0	0.0	549.16	38.66	216.7
22726.4	554.98	0.0	20.0	20.0	0.0	554.98	37.46	217.031
22982.4	562.76	0.0	20.0	20.0	0.0	562.76	36.06	217.691
23222.2	570.76	0.0	20.0	20.0	0.0	570.76	34.8	218.552
23494.6	579.88	0.0	20.0	20.0	0.0	579.88	33.4	219.453
23739.4	588.16	0.0	20.0	20.0	0.0	588.16	32.2	220.27
23992.8	596.8	0.0	20.0	20.0	0.0	596.8	31.0	221.093
24186.6	603.46	0.0	20.0	20.0	0.0	603.46	30.12	221.727
24367.8	609.18	0.0	20.0	20.0	0.0	609.18	29.32	222.113
24555.6	614.26	0.0	20.0	20.0	0.0	614.26	28.52	222.201
24804.2	619.6	0.0	20.0	20.0	0.0	619.6	27.52	221.858
25034.2	623.8	0.0	20.0	20.0	0.0	623.8	26.62	221.249
25273.6	628.54	0.0	20.0	20.0	0.0	628.54	25.7	220.7
25543.0	635.32	0.0	20.0	20.0	0.0	635.32	24.7	220.564
25824.2	643.96	0.0	20.0	20.0	0.0	643.96	23.7	220.938
26066.0	653.14	0.0	20.0	20.0	0.0	653.14	22.9	221.899
26349.4	664.32	0.002	20.0	20.0	0.111	664.336	22.0	223.125
26677.6	676.98	0.004	20.0	20.0	0.184	677.012	21.0	224.373
27024.8	690.0	0.006	20.0	20.0	0.231	690.049	20.0	225.521
27393.4	703.46	0.008	20.0	20.0	0.26	703.526	19.0	226.574
