Height	theta	q	u	v
82.8	294.869	11.894	0.0	10.0
86.933	294.879	11.872	0.0	10.138
91.0	294.889	11.863	0.0	10.273
95.067	294.899	11.85	0.0	10.409
99.133	294.909	11.821	0.0	10.544
103.2	294.918	11.807	0.0	10.68
107.267	294.928	11.793	0.0	10.816
111.4	294.938	11.784	0.0	10.953
115.667	294.948	11.77	0.0	11.096
120.067	294.959	11.751	0.0	11.242
124.6	294.97	11.738	0.0	11.393
129.267	294.981	11.725	0.0	11.549
134.0	294.992	11.716	0.0	11.707
138.867	295.004	11.713	0.0	11.869
143.933	295.016	11.71	0.0	12.038
154.533	295.042	11.705	0.0	12.391
160.067	295.055	11.692	0.0	12.576
165.733	295.069	11.68	0.0	12.764
171.467	295.083	11.683	0.0	12.956
177.2	295.096	11.676	0.0	13.147
182.867	295.11	11.664	0.0	13.336
222.929	295.206	11.64	0.0	14.671
228.157	295.219	11.627	0.0	14.845
233.386	295.232	11.617	0.0	15.02
238.643	295.244	11.608	0.0	15.195
243.914	295.257	11.597	0.0	15.37
249.186	295.27	11.588	0.0	15.546
254.471	295.282	11.578	0.0	15.722
259.757	295.295	11.569	0.0	15.899
270.371	295.321	11.553	0.0	16.252
275.714	295.334	11.545	0.0	16.43
281.086	295.346	11.538	0.0	16.61
286.471	295.359	11.531	0.0	16.789
291.886	295.373	11.524	0.0	16.97
297.314	295.386	11.517	0.0	17.15
302.771	295.399	11.51	0.0	17.332
308.257	295.412	11.502	0.0	17.515
313.771	295.425	11.491	0.0	17.699
319.329	295.439	11.485	0.0	17.884
324.9	295.452	11.478	0.0	18.07
330.5	295.466	11.47	0.0	18.257
336.114	295.479	11.463	0.0	18.444
341.729	295.493	11.457	0.0	18.631
352.943	295.52	11.445	0.0	19.005
358.557	295.533	11.439	0.0	19.192
364.171	295.547	11.432	0.0	19.379
369.786	295.56	11.426	0.0	19.566
375.4	295.574	11.418	0.0	19.753
380.986	295.587	11.411	0.0	19.94
386.571	295.601	11.404	0.0	20.126
392.157	295.614	11.397	0.0	20.312
397.757	295.628	11.39	0.0	20.499
403.357	295.641	11.385	0.0	20.545
408.971	295.655	11.376	0.0	20.592
414.586	295.668	11.369	0.0	20.639
420.214	295.682	11.362	0.0	20.686
425.843	295.695	11.353	0.0	20.733
437.071	295.722	11.332	0.0	20.826
442.657	295.736	11.32	0.0	20.873
448.229	295.749	11.31	0.0	20.919
453.786	295.763	11.3	0.0	20.965
459.314	295.776	11.291	0.0	21.012
464.843	295.789	11.283	0.0	21.058
470.357	295.803	11.276	0.0	21.104
475.871	295.816	11.27	0.0	21.15
481.386	295.829	11.264	0.0	21.195
486.886	295.843	11.257	0.0	21.241
492.386	295.856	11.248	0.0	21.287
497.871	295.869	11.243	0.0	21.333
503.357	295.882	11.237	0.0	21.379
508.843	295.896	11.232	0.0	21.424
519.886	295.922	11.222	0.0	21.516
525.443	295.936	11.218	0.0	21.563
531.029	295.949	11.213	0.0	21.609
536.629	295.963	11.207	0.0	21.656
542.257	295.976	11.202	0.0	21.703
547.914	295.99	11.195	0.0	21.75
553.6	296.004	11.192	0.0	21.797
559.3	296.017	11.188	0.0	21.845
565.014	296.031	11.183	0.0	21.892
570.729	296.045	11.179	0.0	21.94
576.457	296.059	11.174	0.0	21.988
582.186	296.073	11.17	0.0	22.035
587.929	296.086	11.168	0.0	22.083
593.686	296.1	11.163	0.0	22.131
605.271	296.128	11.158	0.0	22.228
611.114	296.142	11.157	0.0	22.277
616.986	296.157	11.154	0.0	22.325
622.886	296.171	11.15	0.0	22.375
628.8	296.185	11.145	0.0	22.424
634.7	296.199	11.139	0.0	22.473
640.6	296.214	11.133	0.0	22.522
646.471	296.228	11.129	0.0	22.571
652.329	296.242	11.126	0.0	22.62
658.171	296.256	11.122	0.0	22.669
664.0	296.27	11.116	0.0	22.717
669.814	296.284	11.111	0.0	22.766
675.629	296.298	11.107	0.0	22.814
681.457	296.312	11.104	0.0	22.863
693.157	296.341	11.099	0.0	22.96
699.014	296.355	11.096	0.0	23.009
704.871	296.369	11.093	0.0	23.058
710.729	296.383	11.09	0.0	23.107
716.557	296.397	11.085	0.0	23.155
722.371	296.411	11.081	0.0	23.204
728.171	296.425	11.078	0.0	23.252
733.957	296.439	11.072	0.0	23.3
739.729	296.453	11.068	0.0	23.348
745.486	296.467	11.064	0.0	23.396
751.257	296.481	11.059	0.0	23.444
757.014	296.495	11.055	0.0	23.492
762.786	296.509	11.05	0.0	23.54
768.571	296.523	11.045	0.0	23.589
780.214	296.551	11.034	0.0	23.686
786.043	296.565	11.027	0.0	23.734
791.857	296.579	11.021	0.0	23.783
797.643	296.593	11.016	0.0	23.831
803.414	296.607	11.011	0.0	23.879
809.157	296.621	11.006	0.0	23.927
814.9	296.635	11.0	0.0	23.975
820.643	296.649	10.993	0.0	24.023
826.386	296.663	10.988	0.0	24.07
832.143	296.677	10.982	0.0	24.118
837.914	296.691	10.978	0.0	24.167
843.714	296.705	10.972	0.0	24.215
849.543	296.719	10.967	0.0	24.263
855.4	296.733	10.959	0.0	24.312
867.157	296.761	10.946	0.0	24.41
873.043	296.776	10.939	0.0	24.459
878.929	296.79	10.931	0.0	24.508
884.829	296.804	10.925	0.0	24.558
890.743	296.819	10.919	0.0	24.607
896.686	296.833	10.913	0.0	24.656
902.629	296.847	10.906	0.0	24.706
908.571	296.862	10.898	0.0	24.755
914.486	296.876	10.89	0.0	24.805
920.343	296.89	10.883	0.0	24.853
926.157	296.904	10.875	0.0	24.902
931.9	296.918	10.867	0.0	24.95
937.6	296.932	10.86	0.0	24.997
943.271	296.946	10.853	0.0	25.045
954.5	296.973	10.84	0.0	25.138
960.057	296.986	10.831	0.0	25.184
965.586	297.0	10.823	0.0	25.23
971.1	297.013	10.816	0.0	25.276
976.614	297.026	10.808	0.0	25.322
982.114	297.04	10.802	0.0	25.368
987.614	297.053	10.794	0.0	25.414
993.114	297.066	10.785	0.0	25.46
998.586	297.08	10.776	0.0	25.505
1004.043	297.093	10.765	0.0	25.551
1009.471	297.106	10.755	0.0	25.596
1014.857	297.119	10.744	0.0	25.641
1020.2	297.132	10.734	0.0	25.686
1025.514	297.145	10.725	0.0	25.73
1036.086	297.171	10.708	0.0	25.818
1041.357	297.183	10.7	0.0	25.862
1046.643	297.196	10.69	0.0	25.906
1051.929	297.209	10.68	0.0	25.95
1057.214	297.222	10.672	0.0	25.994
1062.514	297.235	10.662	0.0	26.038
1067.814	297.247	10.652	0.0	26.082
1073.114	297.26	10.641	0.0	26.127
1078.4	297.273	10.63	0.0	26.171
1083.671	297.286	10.619	0.0	26.215
1088.929	297.299	10.607	0.0	26.258
1094.186	297.311	10.596	0.0	26.302
1099.443	297.324	10.585	0.0	26.346
1104.7	297.337	10.575	0.0	26.39
1115.286	297.363	10.554	0.0	26.478
1120.571	297.375	10.544	0.0	26.522
1125.871	297.388	10.533	0.0	26.566
1131.186	297.401	10.522	0.0	26.61
1136.514	297.414	10.511	0.0	26.655
1141.843	297.427	10.5	0.0	26.699
1147.186	297.44	10.489	0.0	26.744
1152.529	297.453	10.479	0.0	26.788
1157.857	297.466	10.468	0.0	26.833
1163.171	297.479	10.458	0.0	26.877
1168.471	297.492	10.448	0.0	26.921
1173.771	297.504	10.437	0.0	26.965
1179.057	297.517	10.426	0.0	27.009
1184.357	297.53	10.413	0.0	27.054
1194.971	297.556	10.387	0.0	27.142
1200.286	297.586	10.376	0.0	27.142
1205.614	297.617	10.365	0.0	27.142
1210.943	297.648	10.353	0.0	27.142
1216.257	297.679	10.342	0.0	27.142
1221.571	297.709	10.33	0.0	27.142
1226.871	297.74	10.32	0.0	27.142
1232.157	297.77	10.309	0.0	27.142
1237.429	297.801	10.3	0.0	27.142
1242.7	297.831	10.288	0.0	27.142
1247.971	297.861	10.276	0.0	27.142
1253.243	297.892	10.264	0.0	27.142
1258.514	297.922	10.251	0.0	27.142
1263.757	297.953	10.233	0.0	27.142
1274.157	298.013	10.197	0.0	27.142
1279.314	298.042	10.178	0.0	27.142
1284.457	298.072	10.157	0.0	27.142
1289.6	298.102	10.135	0.0	27.142
1294.771	298.132	10.111	0.0	27.142
1299.971	298.162	10.088	0.0	27.142
1305.2	298.192	10.066	0.0	27.142
1310.443	298.222	10.044	0.0	27.142
1315.714	298.253	10.021	0.0	27.142
1321.0	298.283	9.999	0.0	27.142
1326.3	298.314	9.977	0.0	27.142
1331.6	298.344	9.956	0.0	27.142
1336.914	298.375	9.935	0.0	27.142
1342.214	298.406	9.913	0.0	27.142
1352.786	298.467	9.871	0.0	27.142
1358.071	298.497	9.85	0.0	27.142
1363.357	298.528	9.827	0.0	27.142
1368.643	298.558	9.806	0.0	27.142
1373.929	298.589	9.783	0.0	27.142
1379.214	298.62	9.759	0.0	27.142
1384.514	298.65	9.736	0.0	27.142
1389.814	298.681	9.713	0.0	27.142
1395.129	298.712	9.691	0.0	27.142
1400.443	298.742	9.669	0.0	27.142
1405.757	298.773	9.648	0.0	27.142
1411.1	298.804	9.626	0.0	27.142
1416.443	298.835	9.605	0.0	27.142
1421.8	298.866	9.582	0.0	27.142
1432.514	298.928	9.539	0.0	27.142
1437.871	298.959	9.518	0.0	27.142
1443.214	298.99	9.495	0.0	27.142
1448.557	299.021	9.473	0.0	27.142
1453.886	299.052	9.451	0.0	27.142
1459.214	299.083	9.43	0.0	27.142
1464.529	299.113	9.409	0.0	27.142
1469.814	299.144	9.387	0.0	27.142
1475.086	299.175	9.366	0.0	27.142
1480.314	299.205	9.344	0.0	27.142
1485.529	299.235	9.321	0.0	27.142
1490.743	299.265	9.299	0.0	27.142
1495.943	299.295	9.277	0.0	27.142
1501.129	299.325	9.255	0.0	27.142
1511.457	299.385	9.212	0.0	27.142
1516.614	299.415	9.191	0.0	27.142
1521.757	299.445	9.169	0.0	27.142
1526.9	299.475	9.148	0.0	27.142
1532.029	299.505	9.127	0.0	27.142
1537.171	299.535	9.106	0.0	27.142
1542.3	299.564	9.084	0.0	27.142
1547.429	299.594	9.063	0.0	27.142
1552.543	299.624	9.045	0.0	27.142
1557.657	299.653	9.027	0.0	27.142
1562.757	299.683	9.009	0.0	27.142
1567.871	299.713	8.991	0.0	27.142
1572.971	299.742	8.973	0.0	27.142
1578.086	299.772	8.955	0.0	27.142
1588.329	299.831	8.915	0.0	27.142
1593.457	299.861	8.894	0.0	27.142
1598.586	299.891	8.873	0.0	27.142
1603.729	299.921	8.852	0.0	27.142
1608.9	299.951	8.832	0.0	27.142
1614.071	299.981	8.812	0.0	27.142
1619.257	300.011	8.792	0.0	27.142
1624.443	300.041	8.774	0.0	27.142
1629.657	300.072	8.759	0.0	27.142
1634.9	300.102	8.745	0.0	27.142
1640.157	300.133	8.732	0.0	27.142
1645.443	300.163	8.72	0.0	27.142
1650.743	300.194	8.709	0.0	27.142
1656.057	300.225	8.699	0.0	27.142
1666.657	300.287	8.68	0.0	27.142
1671.971	300.318	8.669	0.0	27.142
1677.314	300.349	8.658	0.0	27.142
1682.671	300.38	8.647	0.0	27.142
1688.043	300.411	8.635	0.0	27.142
1693.414	300.442	8.623	0.0	27.142
1698.8	300.474	8.611	0.0	27.142
1704.186	300.505	8.6	0.0	27.142
1709.586	300.536	8.588	0.0	27.142
1715.014	300.568	8.577	0.0	27.142
1720.457	300.6	8.565	0.0	27.142
1725.914	300.631	8.554	0.0	27.142
1731.357	300.663	8.541	0.0	27.142
1736.814	300.695	8.529	0.0	27.142
1747.729	300.759	8.509	0.0	27.142
1753.186	300.79	8.499	0.0	27.142
1758.643	300.822	8.49	0.0	27.142
1764.086	300.854	8.478	0.0	27.142
1769.543	300.886	8.468	0.0	27.142
1775.0	300.917	8.458	0.0	27.142
1780.443	300.949	8.448	0.0	27.142
1785.9	300.981	8.437	0.0	27.142
1791.357	301.013	8.427	0.0	27.142
1796.829	301.045	8.416	0.0	27.142
1802.314	301.077	8.406	0.0	27.142
1807.829	301.109	8.395	0.0	27.142
1813.357	301.141	8.384	0.0	27.142
1818.9	301.173	8.373	0.0	27.142
1830.014	301.238	8.35	0.0	27.142
1835.557	301.271	8.339	0.0	27.142
1841.114	301.303	8.328	0.0	27.142
1846.671	301.335	8.317	0.0	27.142
1852.243	301.368	8.306	0.0	27.142
1857.8	301.4	8.298	0.0	27.142
1863.357	301.433	8.289	0.0	27.142
1868.914	301.465	8.279	0.0	27.142
1874.457	301.498	8.27	0.0	27.142
1880.0	301.53	8.259	0.0	27.142
1885.543	301.562	8.249	0.0	27.142
1891.071	301.595	8.238	0.0	27.142
1896.614	301.627	8.228	0.0	27.142
1902.171	301.66	8.218	0.0	27.142
1913.286	301.724	8.196	0.0	27.142
1918.843	301.757	8.186	0.0	27.142
1924.4	301.789	8.174	0.0	27.142
1929.957	301.822	8.159	0.0	27.142
1935.529	301.854	8.144	0.0	27.142
1941.1	301.887	8.13	0.0	27.142
1946.657	301.92	8.116	0.0	27.142
1952.2	301.952	8.102	0.0	27.142
1957.729	301.984	8.089	0.0	27.142
1963.257	302.017	8.077	0.0	27.142
1968.771	302.049	8.064	0.0	27.142
1974.3	302.081	8.052	0.0	27.142
1979.814	302.113	8.041	0.0	27.142
1985.314	302.146	8.028	0.0	27.142
1996.243	302.21	8.004	0.0	27.142
2001.686	302.223	7.992	0.0	27.142
2007.114	302.236	7.979	0.0	27.142
2012.529	302.25	7.966	0.0	27.142
2017.929	302.263	7.953	0.0	27.142
2023.314	302.276	7.94	0.0	27.142
2028.686	302.29	7.927	0.0	27.142
2034.043	302.303	7.915	0.0	27.142
2039.386	302.316	7.903	0.0	27.142
2044.743	302.329	7.891	0.0	27.142
2050.086	302.342	7.878	0.0	27.142
2055.429	302.356	7.866	0.0	27.142
2060.757	302.369	7.854	0.0	27.142
2066.057	302.382	7.843	0.0	27.142
2076.629	302.408	7.819	0.0	27.142
2081.914	302.421	7.805	0.0	27.142
2087.2	302.434	7.789	0.0	27.142
2092.5	302.447	7.774	0.0	27.142
2097.786	302.46	7.758	0.0	27.142
2103.057	302.473	7.744	0.0	27.142
2108.329	302.486	7.728	0.0	27.142
2113.6	302.499	7.715	0.0	27.142
2118.857	302.512	7.702	0.0	27.142
2124.1	302.525	7.687	0.0	27.142
2129.329	302.538	7.671	0.0	27.142
2134.543	302.551	7.656	0.0	27.142
2139.743	302.563	7.64	0.0	27.142
2144.943	302.576	7.625	0.0	27.142
2155.3	302.602	7.592	0.0	27.142
2160.486	302.615	7.577	0.0	27.142
2165.657	302.627	7.56	0.0	27.142
2170.829	302.64	7.544	0.0	27.142
2176.014	302.653	7.528	0.0	27.142
2181.186	302.666	7.513	0.0	27.142
2186.343	302.678	7.497	0.0	27.142
2191.5	302.691	7.481	0.0	27.142
2196.643	302.704	7.466	0.0	27.142
2201.771	302.717	7.45	0.0	27.142
2206.9	302.729	7.435	0.0	27.142
2212.043	302.742	7.418	0.0	27.142
2217.186	302.755	7.402	0.0	27.142
2222.329	302.767	7.386	0.0	27.142
2232.614	302.793	7.352	0.0	27.142
2237.757	302.805	7.334	0.0	27.142
2242.9	302.818	7.316	0.0	27.142
2248.057	302.831	7.3	0.0	27.142
2253.229	302.844	7.284	0.0	27.142
2258.4	302.856	7.267	0.0	27.142
2263.571	302.869	7.251	0.0	27.142
2268.729	302.882	7.235	0.0	27.142
2273.871	302.895	7.219	0.0	27.142
2279.029	302.907	7.204	0.0	27.142
2284.171	302.92	7.189	0.0	27.142
2289.3	302.933	7.174	0.0	27.142
2294.429	302.945	7.16	0.0	27.142
2299.557	302.958	7.147	0.0	27.142
2309.8	302.983	7.123	0.0	27.142
2314.957	302.996	7.109	0.0	27.142
2320.143	303.009	7.096	0.0	27.142
2325.357	303.022	7.083	0.0	27.142
2330.6	303.035	7.069	0.0	27.142
2335.857	303.048	7.056	0.0	27.142
2341.114	303.061	7.043	0.0	27.142
2346.386	303.074	7.029	0.0	27.142
2351.657	303.087	7.017	0.0	27.142
2356.929	303.1	7.005	0.0	27.142
2362.2	303.113	6.992	0.0	27.142
2367.471	303.126	6.979	0.0	27.142
2372.771	303.139	6.966	0.0	27.142
2378.071	303.152	6.954	0.0	27.142
2388.643	303.178	6.929	0.0	27.142
2393.914	303.191	6.915	0.0	27.142
2399.171	303.204	6.903	0.0	27.142
2404.443	303.217	6.89	0.0	27.142
2409.7	303.23	6.878	0.0	27.142
2414.971	303.243	6.866	0.0	27.142
2420.243	303.256	6.853	0.0	27.142
2425.514	303.269	6.841	0.0	27.142
2430.8	303.282	6.829	0.0	27.142
2436.086	303.296	6.817	0.0	27.142
2441.371	303.309	6.807	0.0	27.142
2446.657	303.322	6.798	0.0	27.142
2451.943	303.335	6.789	0.0	27.142
2457.214	303.348	6.781	0.0	27.142
2467.771	303.374	6.764	0.0	27.142
2473.071	303.387	6.757	0.0	27.142
2478.386	303.4	6.75	0.0	27.142
2483.714	303.413	6.743	0.0	27.142
2489.071	303.427	6.737	0.0	27.142
2494.471	303.44	6.731	0.0	27.142
2499.9	303.453	6.725	0.0	27.142
2505.357	303.467	6.719	0.0	27.175
2510.843	303.481	6.713	0.0	27.208
2516.343	303.494	6.706	0.0	27.241
2521.871	303.508	6.701	0.0	27.274
2527.4	303.522	6.695	0.0	27.307
2532.957	303.535	6.691	0.0	27.34
2538.529	303.549	6.686	0.0	27.374
2549.686	303.577	6.676	0.0	27.441
2555.286	303.591	6.672	0.0	27.474
2560.914	303.604	6.668	0.0	27.508
2566.571	303.618	6.662	0.0	27.542
2572.257	303.633	6.657	0.0	27.576
2577.957	303.647	6.65	0.0	27.61
2583.671	303.661	6.644	0.0	27.645
2589.4	303.675	6.638	0.0	27.679
2595.143	303.689	6.632	0.0	27.713
2600.886	303.703	6.627	0.0	27.748
2606.643	303.718	6.621	0.0	27.782
2612.4	303.732	6.616	0.0	27.817
2618.157	303.746	6.61	0.0	27.852
2623.914	303.76	6.604	0.0	27.886
2635.443	303.789	6.595	0.0	27.955
2641.229	303.803	6.59	0.0	27.99
2647.043	303.818	6.584	0.0	28.025
2652.871	303.832	6.577	0.0	28.06
2658.714	303.847	6.569	0.0	28.095
2664.571	303.861	6.56	0.0	28.13
2670.471	303.876	6.552	0.0	28.165
2676.371	303.89	6.544	0.0	28.201
2682.286	303.905	6.535	0.0	28.236
2688.214	303.92	6.526	0.0	28.272
2694.129	303.934	6.517	0.0	28.307
2700.029	303.949	6.509	0.0	28.343
2705.914	303.964	6.502	0.0	28.378
2711.786	303.978	6.494	0.0	28.413
2723.457	304.007	6.479	0.0	28.483
2729.271	304.022	6.471	0.0	28.518
2735.071	304.036	6.463	0.0	28.553
2740.886	304.05	6.454	0.0	28.588
2746.7	304.065	6.444	0.0	28.623
2752.529	304.079	6.436	0.0	28.658
2758.357	304.094	6.426	0.0	28.693
2764.186	304.108	6.417	0.0	28.728
2770.014	304.123	6.407	0.0	28.763
2775.857	304.137	6.396	0.0	28.798
2781.714	304.152	6.385	0.0	28.833
2787.586	304.166	6.374	0.0	28.868
2793.486	304.181	6.363	0.0	28.904
2799.371	304.195	6.352	0.0	28.939
2811.129	304.225	6.327	0.0	29.009
2817.0	304.239	6.314	0.0	29.045
2822.857	304.254	6.301	0.0	29.08
2828.714	304.268	6.29	0.0	29.115
2834.571	304.283	6.279	0.0	29.15
2840.429	304.297	6.267	0.0	29.185
2846.271	304.312	6.255	0.0	29.22
2852.1	304.326	6.244	0.0	29.255
2857.914	304.341	6.233	0.0	29.29
2863.714	304.355	6.222	0.0	29.325
2869.5	304.369	6.21	0.0	29.36
2875.257	304.384	6.198	0.0	29.394
2881.014	304.398	6.186	0.0	29.429
2886.771	304.412	6.174	0.0	29.463
2898.229	304.441	6.147	0.0	29.532
2903.914	304.455	6.136	0.0	29.566
2909.586	304.469	6.123	0.0	29.6
2915.229	304.483	6.112	0.0	29.634
2920.857	304.497	6.1	0.0	29.668
2926.471	304.511	6.088	0.0	29.701
2932.071	304.525	6.077	0.0	29.735
2937.643	304.539	6.064	0.0	29.768
2943.214	304.552	6.052	0.0	29.802
2948.8	304.566	6.04	0.0	29.835
2954.386	304.58	6.027	0.0	29.869
2959.971	304.594	6.015	0.0	29.902
2965.543	304.608	6.002	0.0	29.936
2971.086	304.622	5.99	0.0	29.969
2982.1	304.649	5.969	0.0	30.035
2987.586	304.663	5.959	0.0	30.068
2993.071	304.676	5.948	0.0	30.101
2998.557	304.69	5.938	0.0	30.134
3004.057	304.704	5.928	0.0	30.167
3009.586	304.717	5.917	0.0	30.2
3015.129	304.731	5.907	0.0	30.233
3020.686	304.745	5.896	0.0	30.267
3026.257	304.759	5.885	0.0	30.3
3031.829	304.773	5.873	0.0	30.334
3037.4	304.786	5.862	0.0	30.367
3042.957	304.8	5.85	0.0	30.4
3048.5	304.814	5.839	0.0	30.434
3054.043	304.828	5.83	0.0	30.467
3065.1	304.855	5.81	0.0	30.533
3070.614	304.869	5.801	0.0	30.566
3076.143	304.883	5.792	0.0	30.599
3081.686	304.897	5.783	0.0	30.633
3087.257	304.91	5.774	0.0	30.666
3092.857	304.924	5.765	0.0	30.7
3098.486	304.938	5.755	0.0	30.734
3104.143	304.952	5.745	0.0	30.767
3109.8	304.966	5.734	0.0	30.801
3115.486	304.981	5.723	0.0	30.836
3121.2	304.995	5.712	0.0	30.87
3126.943	305.009	5.701	0.0	30.904
3132.7	305.023	5.691	0.0	30.939
3138.443	305.038	5.68	0.0	30.973
3149.929	305.066	5.66	0.0	31.042
3155.686	305.081	5.65	0.0	31.077
3161.443	305.095	5.64	0.0	31.111
3167.2	305.109	5.631	0.0	31.146
3172.957	305.124	5.623	0.0	31.18
3178.686	305.138	5.616	0.0	31.215
3184.4	305.152	5.609	0.0	31.249
3190.1	305.166	5.602	0.0	31.283
3195.8	305.18	5.594	0.0	31.317
3201.5	305.195	5.587	0.0	31.352
3207.229	305.209	5.578	0.0	31.386
3212.957	305.223	5.571	0.0	31.42
3218.686	305.237	5.563	0.0	31.455
3224.386	305.252	5.555	0.0	31.489
3235.7	305.28	5.539	0.0	31.557
3241.314	305.294	5.529	0.0	31.591
3246.914	305.308	5.518	0.0	31.624
3252.5	305.322	5.507	0.0	31.658
3258.086	305.336	5.493	0.0	31.691
3263.657	305.349	5.48	0.0	31.725
3269.229	305.363	5.465	0.0	31.758
3274.771	305.377	5.451	0.0	31.791
3280.3	305.391	5.438	0.0	31.824
3285.8	305.405	5.425	0.0	31.857
3291.3	305.418	5.412	0.0	31.89
3296.8	305.432	5.398	0.0	31.923
3302.286	305.446	5.385	0.0	31.956
3307.757	305.459	5.373	0.0	31.989
3318.643	305.486	5.349	0.0	32.054
3324.057	305.5	5.336	0.0	32.087
3329.457	305.513	5.324	0.0	32.119
3334.829	305.527	5.312	0.0	32.152
3340.157	305.54	5.3	0.0	32.184
3345.457	305.553	5.288	0.0	32.215
3350.714	305.566	5.275	0.0	32.247
3355.943	305.579	5.261	0.0	32.278
3361.157	305.592	5.246	0.0	32.31
3366.371	305.605	5.231	0.0	32.341
3371.571	305.618	5.217	0.0	32.372
3376.771	305.631	5.203	0.0	32.403
3381.943	305.644	5.187	0.0	32.434
3387.086	305.657	5.171	0.0	32.465
3397.286	305.682	5.14	0.0	32.526
3402.371	305.695	5.124	0.0	32.557
3407.443	305.708	5.109	0.0	32.587
3412.514	305.72	5.094	0.0	32.618
3417.571	305.733	5.078	0.0	32.648
3422.614	305.745	5.062	0.0	32.678
3427.657	305.758	5.047	0.0	32.709
3432.686	305.771	5.033	0.0	32.739
3437.714	305.783	5.018	0.0	32.769
3442.729	305.796	5.003	0.0	32.799
3447.729	305.808	4.989	0.0	32.829
3452.714	305.821	4.975	0.0	32.859
3457.686	305.833	4.961	0.0	32.889
3462.629	305.845	4.946	0.0	32.918
3472.414	305.87	4.919	0.0	32.977
3477.257	305.882	4.906	0.0	33.006
3482.071	305.894	4.893	0.0	33.035
3486.857	305.906	4.88	0.0	33.064
3491.614	305.918	4.867	0.0	33.092
3496.343	305.929	4.855	0.0	33.121
3501.057	305.941	4.843	0.0	33.149
3505.786	305.953	4.831	0.0	33.177
3510.529	305.965	4.82	0.0	33.206
3515.271	305.977	4.809	0.0	33.234
3520.0	305.988	4.797	0.0	33.263
3524.714	306.0	4.786	0.0	33.291
3529.429	306.012	4.774	0.0	33.319
3534.143	306.024	4.762	0.0	33.347
3543.657	306.047	4.739	0.0	33.405
3548.471	306.059	4.726	0.0	33.433
3553.3	306.071	4.714	0.0	33.462
3558.143	306.084	4.702	0.0	33.491
3563.0	306.096	4.691	0.0	33.521
3567.843	306.108	4.681	0.0	33.55
3572.686	306.12	4.67	0.0	33.579
3577.557	306.132	4.659	0.0	33.608
3582.457	306.144	4.648	0.0	33.637
3587.4	306.157	4.636	0.0	33.667
3592.371	306.169	4.625	0.0	33.697
3597.371	306.181	4.615	0.0	33.727
3602.386	306.194	4.605	0.0	33.757
3607.4	306.207	4.597	0.0	33.787
3617.443	306.232	4.583	0.0	33.847
3622.486	306.244	4.576	0.0	33.878
3627.543	306.257	4.569	0.0	33.908
3632.6	306.269	4.561	0.0	33.938
3637.671	306.282	4.554	0.0	33.969
3642.757	306.295	4.546	0.0	33.999
3647.843	306.308	4.537	0.0	34.03
3652.957	306.32	4.525	0.0	34.06
3658.1	306.333	4.513	0.0	34.091
3663.257	306.346	4.502	0.0	34.122
3668.457	306.359	4.491	0.0	34.153
3673.671	306.372	4.48	0.0	34.185
3678.914	306.385	4.466	0.0	34.216
3684.171	306.398	4.452	0.0	34.248
3694.771	306.425	4.426	0.0	34.311
3700.114	306.438	4.415	0.0	34.343
3705.486	306.452	4.404	0.0	34.376
3710.871	306.465	4.394	0.0	34.408
3716.286	306.479	4.384	0.0	34.44
3721.714	306.492	4.372	0.0	34.473
3727.157	306.506	4.359	0.0	34.506
3732.629	306.519	4.347	0.0	34.538
3738.129	306.533	4.333	0.0	34.571
3743.671	306.547	4.315	0.0	34.605
3749.243	306.561	4.293	0.0	34.638
3754.814	306.575	4.273	0.0	34.672
3760.414	306.589	4.258	0.0	34.705
3766.029	306.603	4.246	0.0	34.739
3777.357	306.631	4.225	0.0	34.807
3783.071	306.646	4.212	0.0	34.841
3788.8	306.66	4.197	0.0	34.875
3794.529	306.674	4.178	0.0	34.91
3800.257	306.688	4.158	0.0	34.944
3805.986	306.703	4.138	0.0	34.979
3811.7	306.717	4.118	0.0	35.013
3817.414	306.731	4.098	0.0	35.047
3823.143	306.746	4.078	0.0	35.081
3828.871	306.76	4.057	0.0	35.116
3834.6	306.774	4.036	0.0	35.15
3840.343	306.789	4.015	0.0	35.185
3846.114	306.803	3.992	0.0	35.219
3851.9	306.818	3.968	0.0	35.254
3863.529	306.847	3.921	0.0	35.324
3869.371	306.861	3.897	0.0	35.359
3875.214	306.876	3.873	0.0	35.394
3881.086	306.891	3.848	0.0	35.429
3886.986	306.905	3.823	0.0	35.465
3892.914	306.92	3.796	0.0	35.5
3898.871	306.935	3.768	0.0	35.536
3904.843	306.95	3.741	0.0	35.572
3910.843	306.965	3.713	0.0	35.608
3916.843	306.98	3.684	0.0	35.644
3922.857	306.995	3.653	0.0	35.68
3928.871	307.01	3.621	0.0	35.716
3934.9	307.025	3.587	0.0	35.752
3940.943	307.041	3.553	0.0	35.788
3953.071	307.071	3.485	0.0	35.861
3959.157	307.086	3.451	0.0	35.898
3965.229	307.101	3.416	0.0	35.934
3971.3	307.117	3.38	0.0	35.97
3977.357	307.132	3.347	0.0	36.007
3983.414	307.147	3.316	0.0	36.043
3989.486	307.162	3.287	0.0	36.08
3995.571	307.177	3.257	0.0	36.116
4001.686	307.193	3.227	0.0	36.153
4007.814	307.208	3.2	0.0	36.19
4013.943	307.223	3.174	0.0	36.226
4020.071	307.239	3.146	0.0	36.263
4026.214	307.254	3.115	0.0	36.3
4032.386	307.27	3.084	0.0	36.337
4044.814	307.301	3.018	0.0	36.412
4051.086	307.316	2.985	0.0	36.449
4057.371	307.332	2.954	0.0	36.487
4063.671	307.348	2.922	0.0	36.525
4069.986	307.364	2.89	0.0	36.563
4076.314	307.38	2.858	0.0	36.601
4082.657	307.396	2.828	0.0	36.639
4089.014	307.412	2.801	0.0	36.677
4095.4	307.428	2.773	0.0	36.715
4101.786	307.444	2.742	0.0	36.753
4108.171	307.46	2.709	0.0	36.792
4114.571	307.476	2.676	0.0	36.83
4120.971	307.492	2.643	0.0	36.868
4127.386	307.508	2.611	0.0	36.907
4140.229	307.54	2.546	0.0	36.984
4146.657	307.556	2.516	0.0	37.023
4153.071	307.572	2.486	0.0	37.061
4159.486	307.588	2.459	0.0	37.1
4165.871	307.604	2.436	0.0	37.138
4172.243	307.62	2.416	0.0	37.176
4178.614	307.636	2.395	0.0	37.214
4184.957	307.652	2.368	0.0	37.252
4191.286	307.668	2.338	0.0	37.29
4197.614	307.684	2.306	0.0	37.328
4203.929	307.7	2.275	0.0	37.366
4210.229	307.716	2.245	0.0	37.404
4216.543	307.731	2.217	0.0	37.442
4222.857	307.747	2.193	0.0	37.48
4235.529	307.779	2.149	0.0	37.556
4241.9	307.795	2.128	0.0	37.594
4248.271	307.811	2.105	0.0	37.632
4254.629	307.827	2.082	0.0	37.67
4261.0	307.843	2.058	0.0	37.709
4267.357	307.859	2.034	0.0	37.747
4273.714	307.875	2.012	0.0	37.785
4280.057	307.891	1.99	0.0	37.823
4286.4	307.907	1.968	0.0	37.861
4292.743	307.923	1.948	0.0	37.899
4299.057	307.939	1.927	0.0	37.937
4305.357	307.954	1.906	0.0	37.975
4311.629	307.97	1.885	0.0	38.012
4317.871	307.986	1.865	0.0	38.05
4330.3	308.017	1.829	0.0	38.124
4336.486	308.033	1.812	0.0	38.162
4342.657	308.048	1.795	0.0	38.199
4348.8	308.063	1.779	0.0	38.235
4354.929	308.079	1.764	0.0	38.272
4361.043	308.094	1.75	0.0	38.309
4367.143	308.11	1.738	0.0	38.345
4373.243	308.125	1.728	0.0	38.382
4379.357	308.14	1.719	0.0	38.419
4385.486	308.156	1.71	0.0	38.456
4391.614	308.171	1.704	0.0	38.492
4397.757	308.187	1.701	0.0	38.529
4403.9	308.202	1.7	0.0	38.566
4410.057	308.217	1.698	0.0	38.603
4422.357	308.248	1.692	0.0	38.677
4428.5	308.264	1.694	0.0	38.714
4434.629	308.279	1.702	0.0	38.75
4440.729	308.295	1.709	0.0	38.787
4446.814	308.31	1.714	0.0	38.824
4452.886	308.325	1.719	0.0	38.86
4458.929	308.34	1.725	0.0	38.896
4464.957	308.355	1.73	0.0	38.932
4470.957	308.371	1.734	0.0	38.968
4476.929	308.386	1.737	0.0	39.004
4482.871	308.4	1.741	0.0	39.04
4488.786	308.415	1.744	0.0	39.075
4494.686	308.43	1.748	0.0	39.111
4500.571	308.445	1.756	0.0	39.146
4512.343	308.475	1.772	0.0	39.217
4518.243	308.489	1.774	0.0	39.252
4524.143	308.504	1.774	0.0	39.287
4530.043	308.519	1.777	0.0	39.323
4535.943	308.534	1.781	0.0	39.358
4541.857	308.549	1.786	0.0	39.394
4547.771	308.564	1.791	0.0	39.429
4553.686	308.579	1.795	0.0	39.465
4559.6	308.594	1.799	0.0	39.5
4565.514	308.608	1.801	0.0	39.536
4571.414	308.623	1.804	0.0	39.571
4577.286	308.638	1.805	0.0	39.606
4583.157	308.653	1.805	0.0	39.642
4589.029	308.668	1.803	0.0	39.677
4600.771	308.697	1.802	0.0	39.747
4606.643	308.712	1.802	0.0	39.782
4612.514	308.727	1.802	0.0	39.818
4618.4	308.742	1.801	0.0	39.853
4624.271	308.756	1.799	0.0	39.888
4630.157	308.771	1.796	0.0	39.924
4636.071	308.786	1.791	0.0	39.959
4642.0	308.801	1.786	0.0	39.995
4647.957	308.816	1.781	0.0	40.03
4653.943	308.831	1.776	0.0	40.066
4659.957	308.846	1.77	0.0	40.102
4666.0	308.861	1.766	0.0	40.139
4672.1	308.877	1.763	0.0	40.175
4678.257	308.892	1.762	0.0	40.212
4690.686	308.924	1.76	0.0	40.287
4696.971	308.939	1.759	0.0	40.324
4703.3	308.955	1.757	0.0	40.362
4709.686	308.971	1.757	0.0	40.401
4716.1	308.988	1.757	0.0	40.439
4722.557	309.004	1.757	0.0	40.478
4729.043	309.02	1.758	0.0	40.517
4735.557	309.037	1.759	0.0	40.556
4742.1	309.053	1.759	0.0	40.595
4748.671	309.07	1.759	0.0	40.635
4755.271	309.086	1.759	0.0	40.674
4761.9	309.103	1.759	0.0	40.714
4768.543	309.12	1.759	0.0	40.754
4775.2	309.137	1.759	0.0	40.794
4788.529	309.17	1.757	0.0	40.874
4795.171	309.187	1.756	0.0	40.914
4801.8	309.204	1.756	0.0	40.953
4808.386	309.22	1.756	0.0	40.993
4814.929	309.237	1.755	0.0	41.032
4821.457	309.253	1.753	0.0	41.071
4827.943	309.27	1.746	0.0	41.11
4834.414	309.286	1.739	0.0	41.149
4840.871	309.302	1.734	0.0	41.188
4847.314	309.318	1.729	0.0	41.227
4853.757	309.335	1.72	0.0	41.265
4860.186	309.351	1.707	0.0	41.304
4866.614	309.367	1.689	0.0	41.342
4873.043	309.383	1.671	0.0	41.381
4885.914	309.416	1.635	0.0	41.458
4892.371	309.432	1.617	0.0	41.497
4898.829	309.448	1.602	0.0	41.536
4905.286	309.465	1.59	0.0	41.574
4911.714	309.481	1.578	0.0	41.613
4918.1	309.497	1.569	0.0	41.651
4924.443	309.513	1.562	0.0	41.689
4930.757	309.529	1.554	0.0	41.727
4937.043	309.545	1.541	0.0	41.765
4943.3	309.561	1.526	0.0	41.802
4949.529	309.576	1.512	0.0	41.84
4955.729	309.592	1.501	0.0	41.877
4961.9	309.608	1.491	0.0	41.914
4968.043	309.623	1.481	0.0	41.951
4980.243	309.654	1.463	0.0	42.024
4989.133	309.676	1.379	0.0	42.077
4996.267	309.694	1.378	0.0	42.12
5003.133	309.712	1.38	0.0	42.12
5009.8	309.729	1.379	0.0	42.12
5016.333	309.745	1.375	0.0	42.12
5022.667	309.761	1.371	0.0	42.12
5028.867	309.777	1.368	0.0	42.12
5034.933	309.792	1.367	0.0	42.12
5040.8	309.807	1.37	0.0	42.12
5046.533	309.821	1.373	0.0	42.12
5052.067	309.835	1.38	0.0	42.12
5057.467	309.849	1.389	0.0	42.12
5062.733	309.862	1.402	0.0	42.12
5073.0	309.888	1.431	0.0	42.12
5078.133	309.901	1.444	0.0	42.12
5083.2	309.914	1.454	0.0	42.12
5088.267	309.927	1.458	0.0	42.12
5093.2	309.939	1.462	0.0	42.12
5097.933	309.951	1.469	0.0	42.12
5102.533	309.963	1.479	0.0	42.12
5107.067	309.974	1.489	0.0	42.12
5111.467	309.985	1.496	0.0	42.12
5115.8	309.996	1.496	0.0	42.12
5120.133	310.007	1.492	0.0	42.12
5124.467	310.018	1.482	0.0	42.12
5128.8	310.029	1.473	0.0	42.12
5133.2	310.04	1.465	0.0	42.12
5141.867	310.062	1.462	0.0	42.12
5146.133	310.073	1.473	0.0	42.12
5150.333	310.084	1.497	0.0	42.12
5154.467	310.094	1.529	0.0	42.12
5158.667	310.105	1.569	0.0	42.12
5162.933	310.116	1.612	0.0	42.12
5167.267	310.127	1.655	0.0	42.12
5171.6	310.138	1.697	0.0	42.12
5175.867	310.148	1.74	0.0	42.12
5180.0	311.1	1.787	0.0	42.12
5184.0	311.344	1.837	0.0	42.12
5187.867	311.595	1.889	0.0	42.12
5191.6	311.844	1.942	0.0	42.12
5195.267	312.094	1.991	0.0	42.12
5202.467	312.59	2.084	0.0	42.12
5206.0	312.783	2.119	0.0	42.12
5209.533	312.926	2.143	0.0	42.12
5213.133	313.041	2.162	0.0	42.12
5216.667	313.13	2.175	0.0	42.12
5220.2	313.195	2.182	0.0	42.12
5223.733	313.243	2.186	0.0	42.12
5227.267	313.284	2.188	0.0	42.12
5230.933	313.327	2.193	0.0	42.12
5234.8	313.38	2.199	0.0	42.12
5238.733	313.427	2.202	0.0	42.12
5242.8	313.473	2.205	0.0	42.12
5246.933	313.521	2.206	0.0	42.12
5251.067	313.578	2.208	0.0	42.12
5259.533	313.669	2.209	0.0	42.12
5263.8	313.71	2.209	0.0	42.12
5268.067	313.752	2.211	0.0	42.12
5272.267	313.777	2.209	0.0	42.12
5276.467	313.803	2.206	0.0	42.12
5280.667	313.829	2.206	0.0	42.12
5284.867	313.846	2.204	0.0	42.12
5289.067	313.863	2.202	0.0	42.12
5293.267	313.881	2.2	0.0	42.12
5297.4	313.897	2.198	0.0	42.12
5301.6	313.914	2.197	0.0	42.12
5305.8	313.933	2.195	0.0	42.12
5310.0	313.95	2.191	0.0	42.12
5314.2	313.966	2.188	0.0	42.12
5322.467	314.007	2.183	0.0	42.12
5326.6	314.031	2.183	0.0	42.12
5330.733	314.048	2.179	0.0	42.12
5334.867	314.072	2.177	0.0	42.12
5339.0	314.097	2.174	0.0	42.12
5343.133	314.113	2.171	0.0	42.12
5347.267	314.138	2.168	0.0	42.12
5351.4	314.162	2.166	0.0	42.12
5355.467	314.187	2.164	0.0	42.12
5359.533	314.204	2.16	0.0	42.12
5363.533	314.226	2.158	0.0	42.12
5367.467	314.248	2.155	0.0	42.12
5371.4	314.27	2.155	0.0	42.12
5375.333	314.293	2.154	0.0	42.12
5383.067	314.335	2.154	0.0	42.12
5387.0	314.349	2.152	0.0	42.12
5390.933	314.372	2.151	0.0	42.12
5394.867	314.393	2.151	0.0	42.12
5398.867	314.407	2.149	0.0	42.12
5402.867	314.43	2.148	0.0	42.12
5406.933	314.446	2.145	0.0	42.12
5411.0	314.461	2.141	0.0	42.12
5415.067	314.477	2.138	0.0	42.12
5419.2	314.501	2.134	0.0	42.12
5423.333	314.526	2.13	0.0	42.12
5427.533	314.543	2.124	0.0	42.12
5431.8	314.562	2.119	0.0	42.12
5436.067	314.58	2.114	0.0	42.12
5444.867	314.603	2.099	0.0	42.12
5449.2	314.623	2.092	0.0	42.12
5453.533	314.634	2.084	0.0	42.12
5463.333	314.69	2.074	0.0	42.12
5490.133	314.816	2.053	0.0	42.12
5587.467	315.206	1.988	0.0	42.12
5850.8	316.337	1.815	0.0	42.12
6200.8	317.682	1.597	0.0	42.12
6814.6	319.68	1.264	0.0	42.12
7548.6	321.84	0.804	0.0	42.12
8351.6	324.04	0.468	0.0	42.12
9061.4	325.58	0.25	0.0	42.12
9761.2	326.9	0.17	0.0	42.12
10245.0	327.58	0.104	0.0	42.12
10969.0	328.54	0.044	0.0	42.12
11249.0	329.24	0.034	0.0	42.12
11585.6	330.9	0.024	0.0	42.12
11880.4	332.76	0.018	0.0	42.12
12178.8	336.02	0.014	0.0	40.33
12457.0	342.04	0.01	0.0	38.661
12677.0	348.8	0.008	0.0	37.341
12821.8	356.12	0.008	0.0	36.472
13016.4	363.6	0.008	0.0	35.304
13205.4	369.82	0.008	0.0	34.17
13411.0	373.3	0.01	0.0	32.937
13662.8	375.86	0.008	0.0	31.426
13884.6	376.94	0.006	0.0	30.095
14125.8	377.94	0.004	0.0	28.648
14523.2	380.14	0.0	0.0	26.263
14719.8	382.78	0.0	0.0	25.084
14939.2	386.14	0.0	0.0	23.767
15174.6	392.38	0.0	0.0	23.767
15473.6	401.22	0.0	0.0	23.767
15813.0	411.34	0.0	0.0	23.767
16095.8	420.2	0.0	0.0	23.767
16425.6	429.0	0.0	0.0	23.767
16768.0	435.54	0.0	0.0	23.767
17044.6	440.34	0.0	0.0	23.767
17251.0	443.12	0.0	0.0	23.767
17517.2	446.88	0.0	0.0	23.767
17773.2	451.12	0.0	0.0	23.767
17960.4	455.08	0.0	0.0	23.767
18370.2	462.48	0.0	0.0	23.767
18648.2	466.34	0.0	0.0	23.767
18880.2	469.22	0.0	0.0	23.767
19206.0	474.96	0.0	0.0	23.767
19585.0	482.24	0.0	0.0	23.767
19964.6	489.66	0.0	0.0	23.767
20256.8	497.38	0.0	0.0	23.767
20560.4	505.58	0.0	0.0	23.767
20761.4	510.84	0.0	0.0	23.767
21035.6	517.08	0.0	0.0	23.767
21347.8	523.94	0.0	0.0	23.767
21649.0	530.1	0.0	0.0	23.767
21973.4	536.78	0.0	0.0	23.767
22281.2	543.26	0.0	0.0	23.767
22726.4	554.98	0.0	0.0	23.767
22982.4	562.76	0.0	0.0	23.767
23222.2	570.76	0.0	0.0	23.767
23494.6	579.88	0.0	0.0	23.767
23739.4	588.16	0.0	0.0	23.767
23992.8	596.8	0.0	0.0	23.767
24186.6	603.46	0.0	0.0	23.767
24367.8	609.18	0.0	0.0	23.767
24555.6	614.26	0.0	0.0	23.767
24804.2	619.6	0.0	0.0	23.767
25034.2	623.8	0.0	0.0	23.767
25273.6	628.54	0.0	0.0	23.767
25543.0	635.32	0.0	0.0	23.767
25824.2	643.96	0.0	0.0	23.767
26349.4	664.32	0.002	0.0	23.767
26677.6	676.98	0.004	0.0	23.767
27024.8	690.0	0.006	0.0	23.767
27393.4	703.46	0.008	0.0	23.767
